0.0 0.0 0.0 0.0 0.0 0.0 0.0 0.0 0.0 0.0 0.0 0.0 0.0 0.0 0.0 0.0 0.0 0.0 0.0 0.0 0.0 0.0 0.0 0.0 0.0 0.0 0.0 0.0 0.0 0.0 0.0 0.0 0.0 0.0 0.0 0.0 0.0 0.0 0.0 0.0 0.0 0.0 0.0 0.0 0.0 0.0 0.0 0.0 0.0 0.0 0.0 0.0 0.0 0.0 0.0 0.0 0.0 0.0 0.0 0.0 0.0 0.0 0.0 0.0 0.0 0.0 0.0 0.0 0.0 0.0 0.0 0.0 0.0 0.0 0.0 0.0 0.0 0.0 0.0 0.0 
0.0 0.0 0.0 0.0 0.0 0.0 0.0 0.0 0.0 0.0 0.0 0.0 0.0 0.0 0.0 0.0 0.0 0.0 0.0 0.0 0.0 0.0 0.0 0.0 0.0 0.0 0.0 0.0 0.0 0.0 0.0 0.0 0.0 0.0 0.0 0.0 0.0 0.0 0.0 0.0 0.0 0.0 0.0 0.0 0.0 0.0 0.0 0.0 0.0 0.0 0.0 0.0 0.0 0.0 0.0 0.0 0.0 0.0 0.0 0.0 0.0 0.0 0.0 0.0 0.0 0.0 0.0 0.0 0.0 0.0 0.0 0.0 0.0 0.0 0.0 0.0 0.0 0.0 0.0 0.0 
0.0 0.0 0.0 0.0 0.0 0.0 0.0 0.0 0.0 0.0 0.0 0.0 0.0 0.0 0.0 0.0 0.0 0.0 0.0 0.0 0.0 0.0 0.0 0.0 0.0 0.0 0.0 0.0 0.0 0.0 0.0 0.0 0.0 0.0 0.0 0.0 0.0 0.0 0.0 0.0 0.0 0.0 0.0 0.0 0.0 0.0 0.0 0.0 0.0 0.0 0.0 0.0 0.0 0.0 0.0 0.0 0.0 0.0 0.0 0.0 0.0 0.0 0.0 0.0 0.0 0.0 0.0 0.0 0.0 0.0 0.0 0.0 0.0 0.0 0.0 0.0 0.0 0.0 0.0 0.0 
0.0 0.0 0.0 0.0 0.0 0.0 0.0 0.0 0.0 0.0 0.0 0.0 0.0 0.0 0.0 0.0 0.0 0.0 0.0 0.0 0.0 0.0 0.0 0.0 0.0 0.0 0.0 0.0 0.0 0.0 0.0 0.0 0.0 0.0 0.0 0.0 0.0 0.0 0.0 0.0 0.0 0.0 0.0 0.0 0.0 0.0 0.0 0.0 0.0 0.0 0.0 0.0 0.0 0.0 0.0 0.0 0.0 0.0 0.0 0.0 0.0 0.0 0.0 0.0 0.0 0.0 0.0 0.0 0.0 0.0 0.0 0.0 0.0 0.0 0.0 0.0 0.0 0.0 0.0 0.0 
0.0 0.0 0.0 0.0 0.0 0.0 0.0 0.0 0.0 0.0 0.0 0.0 0.0 0.0 0.0 0.0 0.0 0.0 0.0 0.0 0.0 0.0 0.0 0.0 0.0 0.0 0.0 0.0 0.0 0.0 0.0 0.0 0.0 0.0 0.0 0.0 0.0 0.0 0.0 0.0 0.0 0.0 0.0 0.0 0.0 0.0 0.0 0.0 0.0 0.0 0.0 0.0 0.0 0.0 0.0 0.0 0.0 0.0 0.0 0.0 0.0 0.0 0.0 0.0 0.0 0.0 0.0 0.0 0.0 0.0 0.0 0.0 0.0 0.0 0.0 0.0 0.0 0.0 0.0 0.0 
0.0 0.0 0.0 0.0 0.0 0.0 0.0 0.0 0.0 0.0 0.0 0.0 0.0 0.0 0.0 0.0 0.0 0.0 0.0 0.0 0.0 0.0 0.0 0.0 0.0 0.0 0.0 0.0 0.0 0.0 0.0 0.0 0.0 0.0 0.0 0.0 0.0 0.0 0.0 0.0 0.0 0.0 0.0 0.0 0.0 0.0 0.0 0.0 0.0 0.0 0.0 0.0 0.0 0.0 0.0 0.0 0.0 0.0 0.0 0.0 0.0 0.0 0.0 0.0 0.0 0.0 0.0 0.0 0.0 0.0 0.0 0.0 0.0 0.0 0.0 0.0 0.0 0.0 0.0 0.0 
0.0 0.0 0.0 0.0 0.0 0.0 0.0 0.0 0.0 0.0 0.0 0.0 0.0 0.0 0.0 0.0 0.0 0.0 0.0 0.0 0.0 0.0 0.0 0.0 0.0 0.0 0.0 0.0 0.0 0.0 0.0 0.0 0.0 0.0 0.0 0.0 0.0 0.0 0.0 0.0 0.0 0.0 0.0 0.0 0.0 0.0 0.0 0.0 0.0 0.0 0.0 0.0 0.0 0.0 0.0 0.0 0.0 0.0 0.0 0.0 0.0 0.0 0.0 0.0 0.0 0.0 0.0 0.0 0.0 0.0 0.0 0.0 0.0 0.0 0.0 0.0 0.0 0.0 0.0 0.0 
0.0 0.0 0.0 0.0 0.0 0.0 0.0 0.0 0.0 0.0 0.0 0.0 0.0 0.0 0.0 0.0 0.0 0.0 0.0 0.0 0.0 0.0 0.0 0.0 0.0 0.0 0.0 0.0 0.0 0.0 0.0 0.0 0.0 0.0 0.0 0.0 0.0 0.0 0.0 0.0 0.0 0.0 0.0 0.0 0.0 0.0 0.0 0.0 0.0 0.0 0.0 0.0 0.0 0.0 0.0 0.0 0.0 0.0 0.0 0.0 0.0 0.0 0.0 0.0 0.0 0.0 0.0 0.0 0.0 0.0 0.0 0.0 0.0 0.0 0.0 0.0 0.0 0.0 0.0 0.0 
0.0 0.0 0.0 0.0 0.0 0.0 0.0 0.0 0.0 0.0 0.0 0.0 0.0 0.0 0.0 0.0 0.0 0.0 0.0 0.0 0.0 0.0 0.0 0.0 0.0 0.0 0.0 0.0 0.0 0.0 0.0 0.0 0.0 0.0 0.0 0.0 0.0 0.0 0.0 0.0 0.0 0.0 0.0 0.0 0.0 0.0 0.0 0.0 0.0 0.0 0.0 0.0 0.0 0.0 0.0 0.1625 0.2975 0.35 0.31916666666666665 0.25 0.1425 0.025 0.0 0.0 0.0 0.0 0.0 0.0 0.0 0.0 0.0 0.0 0.0 0.0 0.0 0.0 0.0 0.0 0.0 0.0 
0.0 0.0 0.0 0.0 0.0 0.0 0.0 0.0 0.0 0.0 0.0 0.0 0.0 0.0 0.0 0.0 0.0 0.0 0.0 0.0 0.0 0.0 0.0 0.0 0.0 0.0 0.0 0.0 0.0 0.0 0.0 0.0 0.0 0.0 0.0 0.0 0.0 0.0 0.0 0.0 0.0 0.0 0.0 0.0 0.0 0.0 0.0 0.0 0.0 0.0 0.0 0.0 0.24 0.6241666666666666 0.8441666666666666 0.7308333333333333 0.5233333333333333 0.45 0.49666666666666665 0.5558333333333333 0.7441666666666666 0.8066666666666666 0.8341666666666666 0.6825 0.4008333333333333 0.10583333333333333 0.0 0.0 0.0 0.0 0.0 0.0 0.0 0.0 0.0 0.0 0.0 0.0 0.0 0.0 
0.0 0.0 0.0 0.0 0.0 0.0 0.0 0.0 0.0 0.0 0.0 0.0 0.0 0.0 0.0 0.0 0.0 0.0 0.0 0.0 0.029166666666666667 0.20583333333333334 0.25 0.25 0.25 0.25 0.25 0.25 0.18833333333333332 0.04833333333333333 0.0 0.0 0.0 0.0 0.0 0.0 0.0 0.0 0.0 0.0 0.0 0.0 0.0 0.0 0.0 0.0 0.0 0.0 0.0 0.0016666666666666668 0.22666666666666666 0.77 0.7516666666666667 0.30583333333333335 0.043333333333333335 0.0 0.0 0.0 0.0 0.0 0.0 0.0 0.03333333333333333 0.19916666666666666 0.4691666666666667 0.8233333333333334 0.7225 0.31666666666666665 0.009166666666666667 0.0 0.0 0.0 0.0 0.0 0.0 0.0 0.0 0.0 0.0 0.0 
0.0 0.0 0.0 0.0 0.0 0.0 0.0 0.0 0.0 0.0 0.0 0.0 0.0 0.0 0.0 0.0 0.0 0.0 0.07333333333333333 0.5616666666666666 0.8533333333333334 0.6425 0.55 0.55 0.55 0.55 0.55 0.55 0.6641666666666667 0.8541666666666666 0.7908333333333334 0.5883333333333334 0.3908333333333333 0.16166666666666665 0.0016666666666666668 0.0 0.0 0.0 0.0 0.0 0.0 0.0 0.0 0.0 0.0 0.0 0.0 0.016666666666666666 0.3408333333333333 0.765 0.7525 0.24416666666666667 0.0008333333333333334 0.0 0.0 0.0 0.0 0.0 0.0 0.0 0.0 0.0 0.0 0.0 0.0 0.0 0.1925 0.69 0.8025 0.25416666666666665 0.0 0.0 0.0 0.0 0.0 0.0 0.0 0.0 0.0 0.0 
0.0 0.0 0.0 0.0 0.0 0.0 0.0 0.0 0.0 0.0 0.0 0.0 0.0 0.0 0.0 0.0 0.0 0.18583333333333332 0.8525 0.4091666666666667 0.021666666666666667 0.0 0.0 0.0 0.0 0.0 0.0 0.0 0.0 0.0 0.1 0.265 0.4766666666666667 0.6991666666666667 0.8433333333333334 0.655 0.36583333333333334 0.058333333333333334 0.0 0.0 0.0 0.0 0.0 0.0 0.0 0.07166666666666667 0.43583333333333335 0.8508333333333333 0.6308333333333334 0.20583333333333334 0.0 0.0 0.0 0.0 0.0 0.0 0.0 0.0 0.0 0.0 0.0 0.0 0.0 0.0 0.0 0.0 0.0 0.0 0.1975 0.7975 0.4241666666666667 0.0 0.0 0.0 0.0 0.0 0.0 0.0 0.0 0.0 
0.0 0.0 0.0 0.0 0.0 0.0 0.0 0.0 0.0 0.0 0.0 0.0 0.0 0.0 0.0 0.0 0.04833333333333333 0.87 0.20833333333333334 0.0 0.0 0.0 0.0 0.0 0.0 0.0 0.0 0.0 0.0 0.0 0.0 0.0 0.0 0.0 0.025833333333333333 0.24916666666666668 0.5308333333333334 0.835 0.7383333333333333 0.49916666666666665 0.4075 0.35 0.35 0.4175 0.6608333333333334 0.8758333333333334 0.5333333333333333 0.1225 0.0 0.0 0.0 0.0 0.0 0.0 0.0 0.0 0.0 0.2675 0.16 0.0 0.0 0.0 0.0 0.0 0.0 0.0 0.0 0.0 0.0 0.0625 0.7825 0.41 0.0 0.0 0.0 0.0 0.0 0.0 0.0 0.0 
0.0 0.0 0.0 0.0 0.0 0.0 0.0 0.0 0.0 0.0 0.0 0.0 0.0 0.0 0.0 0.0 0.3275 0.5666666666666667 0.0 0.0 0.0 0.0 0.0 0.0 0.14666666666666667 0.3175 0.2225 0.005833333333333334 0.0 0.0 0.01 0.0 0.0 0.0 0.0 0.0 0.0 0.004166666666666667 0.1475 0.31666666666666665 0.415 0.45 0.45 0.3975 0.2683333333333333 0.020833333333333332 0.0 0.0 0.0 0.0 0.0 0.0 0.0 0.0 0.0 0.0 0.13583333333333333 0.9116666666666666 0.8566666666666667 0.30333333333333334 0.0016666666666666668 0.0 0.0 0.0 0.0 0.0 0.0 0.0 0.0 0.0 0.056666666666666664 0.8533333333333334 0.1775 0.0 0.0 0.0 0.0 0.0 0.0 0.0 
0.0 0.0 0.0 0.0 0.0 0.0 0.0 0.0 0.0 0.0 0.0 0.0 0.0 0.0 0.0 0.0 0.3416666666666667 0.49416666666666664 0.0 0.0 0.0 0.0 0.0 0.0 0.5016666666666667 1.0 1.0 0.9141666666666667 0.6766666666666666 0.7141666666666666 0.9083333333333333 0.2675 0.0 0.0 0.0 0.0 0.0 0.0 0.0 0.0 0.0 0.0 0.0 0.0 0.0 0.0 0.0 0.0 0.0 0.0 0.0 0.0 0.0 0.0 0.0 0.0 0.44583333333333336 0.42083333333333334 0.14333333333333334 0.7541666666666667 0.585 0.01 0.0 0.0 0.0 0.0 0.0 0.0 0.0 0.0 0.0 0.29083333333333333 0.6783333333333333 0.0 0.0 0.0 0.0 0.0 0.0 0.0 
0.0 0.0 0.0 0.0 0.0 0.0 0.0 0.0 0.0 0.0 0.0 0.0 0.0 0.0 0.0 0.0 0.10416666666666667 0.86 0.17416666666666666 0.0 0.0 0.0 0.0 0.0 0.0625 0.865 1.0 1.0 1.0 1.0 0.9758333333333333 0.43416666666666665 0.0 0.0 0.0 0.0 0.0 0.0 0.0 0.0 0.0 0.0 0.0 0.0 0.0 0.0 0.0 0.0 0.0 0.0 0.0 0.0 0.0 0.0 0.0 0.0 0.37916666666666665 0.5775 0.0 0.01 0.6275 0.6316666666666667 0.020833333333333332 0.0 0.0 0.0 0.0 0.0 0.0 0.0 0.0 0.0016666666666666668 0.805 0.11833333333333333 0.0 0.0 0.0 0.0 0.0 0.0 
0.0 0.0 0.0 0.0 0.0 0.0 0.0 0.0 0.0 0.0 0.0 0.0 0.0 0.0 0.0 0.0 0.0 0.20583333333333334 0.8641666666666666 0.30416666666666664 0.0 0.0 0.0 0.0 0.0 0.125 0.9483333333333334 1.0 1.0 1.0 1.0 0.845 0.12333333333333334 0.0 0.0 0.0 0.0 0.0 0.0 0.0 0.0 0.0 0.0 0.0 0.0 0.0 0.0 0.0 0.0 0.0 0.0 0.0 0.0 0.0 0.0 0.0 0.025 0.7791666666666667 0.44416666666666665 0.0 0.005833333333333334 0.5666666666666667 0.7683333333333333 0.05333333333333334 0.0 0.0 0.0 0.0 0.0 0.0 0.0 0.0 0.37666666666666665 0.5566666666666666 0.0 0.0 0.0 0.0 0.0 0.0 
0.0 0.0 0.0 0.0 0.0 0.0 0.0 0.0 0.0 0.0 0.0 0.0 0.0 0.0 0.0 0.0 0.0 0.0 0.10166666666666667 0.7475 0.7133333333333334 0.27166666666666667 0.005 0.0 0.0 0.0 0.195 0.35 0.4091666666666667 0.5491666666666667 0.32 0.24916666666666668 0.035 0.0 0.0 0.0 0.0 0.0 0.0 0.0 0.0 0.0 0.0 0.0 0.0 0.0 0.0 0.0 0.0 0.0 0.0 0.0 0.0 0.0 0.0 0.0 0.0 0.0575 0.8241666666666667 0.24333333333333335 0.0 0.0 0.4558333333333333 0.7241666666666666 0.01 0.0 0.0 0.0 0.0 0.0 0.0 0.0 0.0525 0.8658333333333333 0.03833333333333333 0.0 0.0 0.0 0.0 0.0 
0.0 0.0 0.0 0.0 0.0 0.0 0.0 0.0 0.0 0.0 0.0 0.0 0.0 0.0 0.0 0.0 0.0 0.0 0.0 0.0016666666666666668 0.23666666666666666 0.6383333333333333 0.8158333333333333 0.49083333333333334 0.1825 0.005 0.0 0.0 0.0 0.0 0.0 0.0 0.0 0.0 0.0 0.0 0.0 0.0 0.0 0.0 0.0 0.0 0.0 0.0 0.0 0.0 0.0 0.0 0.0 0.0 0.0 0.0 0.0 0.0 0.0 0.0 0.0 0.0 0.19833333333333333 0.86 0.22666666666666666 0.0 0.0 0.6716666666666666 0.41333333333333333 0.0 0.0 0.0 0.0 0.0 0.0 0.0 0.0 0.5533333333333333 0.4025 0.0 0.0 0.0 0.0 0.0 
0.0 0.0 0.0 0.0 0.0 0.0 0.0 0.0 0.0 0.0 0.0 0.0 0.0 0.0 0.0 0.0 0.0 0.0 0.0 0.0 0.0 0.0 0.07083333333333333 0.4075 0.7125 0.8408333333333333 0.6075 0.36083333333333334 0.13333333333333333 0.0 0.0 0.0 0.0 0.0 0.0 0.0 0.0 0.0 0.0 0.0 0.0 0.0 0.0 0.0 0.0 0.0 0.0 0.0 0.0 0.0 0.0 0.0 0.0 0.0 0.0 0.0 0.0 0.0 0.0 0.20166666666666666 0.7833333333333333 0.66 0.45916666666666667 0.7283333333333334 0.5916666666666667 0.0 0.0 0.0 0.0 0.0 0.0 0.0 0.0 0.11 0.8216666666666667 0.0033333333333333335 0.0 0.0 0.0 0.0 
0.0 0.0 0.0 0.0 0.0 0.0 0.0 0.0 0.0 0.0 0.0 0.0 0.0 0.0 0.0 0.0 0.0 0.0 0.0 0.0 0.0 0.0 0.0 0.0 0.0 0.030833333333333334 0.2775 0.5525 0.7675 0.8233333333333334 0.72 0.4708333333333333 0.18916666666666668 0.0 0.0 0.0 0.0 0.0 0.0 0.0 0.49583333333333335 0.8441666666666666 0.8016666666666666 0.8233333333333334 0.7216666666666667 0.65 0.5975 0.44166666666666665 0.15 0.0 0.0 0.0 0.0 0.0 0.0 0.0 0.0 0.0 0.0 0.0 0.010833333333333334 0.28833333333333333 0.35 0.24 0.0016666666666666668 0.0 0.0 0.0 0.0 0.0 0.0 0.0 0.0 0.0 0.7341666666666666 0.1075 0.0 0.0 0.0 0.0 
0.0 0.0 0.0 0.0 0.0 0.0 0.0 0.0 0.0 0.0 0.0 0.0 0.0 0.0 0.0 0.0 0.0 0.0 0.0 0.0 0.0 0.0 0.0 0.0 0.0 0.0 0.0 0.0 0.0 0.010833333333333334 0.1725 0.39916666666666667 0.7416666666666667 0.7675 0.265 0.0016666666666666668 0.0 0.0 0.0 0.0 0.3975 0.7308333333333333 0.011666666666666667 0.010833333333333334 0.15 0.15 0.23833333333333334 0.44333333333333336 0.2175 0.0 0.0 0.0 0.0 0.0 0.0 0.0 0.0 0.0 0.0 0.0 0.0 0.0 0.0 0.0 0.0 0.0 0.0 0.0 0.0 0.0 0.0 0.0 0.0 0.0 0.5083333333333333 0.3625 0.0 0.0 0.0 0.0 
0.0 0.0 0.0 0.0 0.0 0.0 0.0 0.0 0.0 0.0 0.0 0.0 0.0 0.0 0.0 0.0 0.0 0.0 0.0 0.0 0.0 0.0 0.0 0.0 0.0 0.0 0.0 0.0 0.0 0.0 0.0 0.0 0.0 0.22833333333333333 0.7458333333333333 0.7208333333333333 0.05416666666666667 0.0 0.0 0.0 0.0 0.625 0.62 0.0275 0.0 0.0 0.0 0.0 0.0 0.0 0.0 0.0 0.0 0.0 0.0 0.0 0.0 0.445 0.56 0.020833333333333332 0.0 0.0 0.0 0.0 0.0 0.0 0.0 0.0 0.0 0.0 0.0 0.0 0.0 0.0 0.3516666666666667 0.49083333333333334 0.0 0.0 0.0 0.0 
0.65 0.5225 0.3775 0.24 0.049166666666666664 0.0 0.0 0.0 0.0 0.0 0.0 0.0 0.0 0.0 0.0 0.0 0.0 0.0 0.0 0.0 0.0 0.0 0.0 0.0 0.0 0.0 0.0 0.0 0.0 0.0 0.0 0.0 0.0 0.0 0.0008333333333333334 0.46 0.7083333333333334 0.0 0.0 0.0 0.0 0.0025 0.5908333333333333 0.565 0.0016666666666666668 0.0 0.0 0.0 0.0 0.0 0.0 0.0 0.0 0.0 0.0 0.0 0.0 0.011666666666666667 0.5858333333333333 0.7166666666666667 0.0725 0.0 0.0 0.0 0.0 0.0 0.0 0.0 0.0 0.0 0.0 0.0 0.0 0.0 0.15083333333333335 0.6725 0.0 0.0 0.0 0.0 
0.17 0.35333333333333333 0.45416666666666666 0.6666666666666666 0.8475 0.79 0.55 0.23666666666666666 0.009166666666666667 0.0 0.0 0.0 0.0 0.0 0.0 0.0 0.0 0.0 0.0 0.0 0.0 0.0 0.0 0.0 0.0 0.0 0.0 0.0 0.0 0.0 0.0 0.0 0.0 0.0 0.0 0.0 0.8141666666666667 0.08916666666666667 0.0 0.0 0.0 0.0 0.025 0.7091666666666666 0.4741666666666667 0.0 0.0 0.0 0.0 0.0 0.0 0.0 0.006666666666666667 0.14333333333333334 0.020833333333333332 0.0 0.0 0.0 0.0016666666666666668 0.39916666666666667 0.8208333333333333 0.10416666666666667 0.0 0.0 0.0 0.0 0.0 0.0 0.0 0.0 0.0 0.0 0.0 0.0 0.05 0.7533333333333333 0.0 0.0 0.0 0.0 
0.0 0.0 0.0 0.0 0.0 0.09583333333333334 0.3725 0.6958333333333333 0.8316666666666667 0.3025 0.0 0.0 0.0 0.0 0.0 0.0 0.0 0.0 0.0 0.0 0.0 0.0 0.0 0.0 0.0 0.0 0.0 0.0 0.0 0.0 0.0 0.0 0.0 0.0 0.0 0.0 0.5425 0.3458333333333333 0.0 0.0 0.0 0.0 0.0 0.05583333333333333 0.8758333333333334 0.105 0.0 0.0 0.0 0.0 0.0 0.0 0.315 1.0 0.775 0.050833333333333335 0.0 0.0 0.0 0.0 0.2875 0.86 0.22166666666666668 0.0 0.0 0.0 0.0 0.0 0.0 0.0 0.0 0.0 0.0 0.0 0.010833333333333334 0.855 0.0 0.0 0.0 0.0 
0.0 0.0 0.0 0.0 0.0 0.0 0.0 0.0 0.17083333333333334 0.7733333333333333 0.49416666666666664 0.0008333333333333334 0.0 0.0 0.0 0.0 0.045 0.05 0.05 0.05 0.05 0.05 0.009166666666666667 0.0 0.0 0.0 0.0 0.0 0.0 0.0 0.0 0.0 0.0 0.0 0.0 0.0 0.35083333333333333 0.5258333333333334 0.0 0.0 0.0 0.0 0.0 0.0 0.43583333333333335 0.6275 0.0 0.0 0.0 0.0 0.0 0.0 0.31416666666666665 1.0 0.99 0.3308333333333333 0.0 0.0 0.0 0.0 0.0 0.20083333333333334 0.86 0.26166666666666666 0.0 0.0 0.0 0.0 0.0 0.0 0.0 0.0 0.0 0.0 0.0 0.805 0.0075 0.0 0.0 0.0 
0.0 0.0 0.0 0.11166666666666666 0.17416666666666666 0.0 0.0 0.0 0.0 0.028333333333333332 0.6991666666666667 0.65 0.25166666666666665 0.5358333333333334 0.76 0.8541666666666666 0.7858333333333334 0.75 0.75 0.75 0.75 0.755 0.8533333333333334 0.8083333333333333 0.7591666666666667 0.68 0.5375 0.4225 0.2175 0.08 0.05 0.05 0.05 0.0975 0.18416666666666667 0.36583333333333334 0.6733333333333333 0.5866666666666667 0.0 0.0 0.0 0.0 0.0 0.0 0.009166666666666667 0.8416666666666667 0.11333333333333333 0.0 0.0 0.0 0.0 0.0 0.0175 0.55 0.9191666666666667 0.30333333333333334 0.0 0.0 0.0 0.0 0.0 0.0 0.14833333333333334 0.8775 0.04416666666666667 0.0 0.0 0.0 0.0 0.0 0.0 0.0 0.0 0.0 0.0 0.75 0.05 0.0 0.0 0.0 
0.0 0.0 0.3075 0.985 0.975 0.028333333333333332 0.0 0.0 0.0 0.075 0.53 0.9458333333333333 0.6391666666666667 0.38083333333333336 0.11416666666666667 0.01 0.0 0.0 0.0 0.0 0.0 0.0 0.0 0.005833333333333334 0.05 0.18666666666666668 0.29333333333333333 0.4691666666666667 0.6133333333333333 0.7366666666666667 0.75 0.75 0.75 0.7275 0.65 0.4716666666666667 0.315 0.021666666666666667 0.0 0.0 0.0 0.0 0.0 0.0 0.0 0.5125 0.37666666666666665 0.0 0.0 0.0 0.0 0.0 0.0 0.0 0.019166666666666665 0.0 0.0 0.0 0.0 0.0 0.0 0.0 0.0 0.525 0.465 0.0 0.0 0.0 0.0 0.0 0.0 0.0 0.0 0.0 0.0 0.7091666666666666 0.14833333333333334 0.0 0.0 0.0 
0.0 0.0 0.15 0.9591666666666666 0.985 0.029166666666666667 0.0 0.0 0.09833333333333333 0.8641666666666666 0.47583333333333333 0.049166666666666664 0.0 0.0 0.0 0.0 0.0 0.0 0.0 0.0 0.0 0.0 0.0 0.0 0.0 0.0 0.0 0.0 0.0 0.0 0.0 0.0 0.0 0.0 0.0 0.0 0.0 0.0 0.0 0.0 0.0 0.0 0.0 0.0 0.0 0.28833333333333333 0.5916666666666667 0.0 0.0 0.0 0.0 0.0 0.0 0.0 0.0 0.0 0.0 0.0 0.0 0.0 0.0 0.0 0.0 0.07916666666666666 0.88 0.0175 0.0 0.0 0.0 0.0 0.0 0.0 0.0 0.0 0.0 0.55 0.25 0.0 0.0 0.0 
0.0 0.0 0.0 0.1 0.3516666666666667 0.0 0.0 0.0 0.5408333333333334 0.4375 0.0 0.0 0.0 0.0 0.0 0.0 0.0 0.0 0.0 0.0 0.0 0.0 0.0 0.0 0.0 0.0 0.0 0.0 0.0 0.0 0.0 0.0 0.0 0.0 0.0 0.0 0.0 0.0 0.0 0.0 0.0 0.0 0.0 0.0 0.0 0.12833333333333333 0.6316666666666667 0.0 0.0 0.0 0.0 0.0 0.0 0.0 0.0 0.0 0.0 0.0 0.0 0.0 0.0 0.0 0.0 0.0 0.7275 0.16583333333333333 0.0 0.0 0.0 0.0 0.0 0.0 0.0 0.0 0.0 0.55 0.255 0.0 0.0 0.0 
0.0 0.0 0.0 0.0 0.0 0.0 0.0 0.0 0.65 0.15 0.0 0.0 0.0 0.0 0.0 0.0 0.0 0.0 0.0 0.0 0.0 0.0 0.0 0.0 0.0 0.0 0.0 0.0 0.0 0.0 0.0 0.0 0.0 0.0 0.0 0.0 0.0 0.0 0.0 0.0 0.0 0.0 0.0 0.0 0.0 0.0 0.013333333333333334 0.0 0.0 0.0 0.0 0.0 0.0 0.0 0.0 0.0 0.0 0.0 0.0 0.0 0.0 0.0 0.0 0.0 0.6558333333333334 0.24833333333333332 0.0 0.0 0.0 0.0 0.0 0.0 0.0 0.0 0.0 0.46166666666666667 0.34833333333333333 0.0 0.0 0.0 
0.0 0.0 0.0 0.0 0.0 0.0 0.0 0.0 0.57 0.48583333333333334 0.0 0.0 0.0 0.0 0.0 0.0 0.0 0.0 0.0 0.0 0.0 0.0 0.0 0.0 0.0 0.0 0.0 0.0 0.0 0.0 0.0 0.0 0.0 0.0 0.0 0.0 0.0 0.0 0.0 0.0 0.0 0.0 0.0 0.0 0.0 0.0 0.0 0.0 0.0 0.0 0.0 0.0 0.0 0.0 0.0 0.0 0.0 0.0 0.0 0.0 0.0 0.0 0.0475 0.6033333333333334 0.73 0.0375 0.0 0.0 0.0 0.0 0.0 0.0 0.0 0.0 0.0 0.45 0.35 0.0 0.0 0.0 
0.0 0.0 0.0 0.0 0.0 0.0 0.0 0.0 0.0825 0.67 0.29 0.0 0.0 0.0 0.0 0.0 0.0 0.0 0.0 0.0 0.0 0.0 0.0 0.0 0.0 0.185 0.7233333333333334 0.7225 0.38166666666666665 0.0008333333333333334 0.0 0.0 0.0 0.0 0.0 0.0 0.0 0.0 0.0 0.0 0.0 0.0 0.0 0.0 0.0 0.0 0.0 0.0 0.0 0.0 0.0 0.0 0.0 0.0 0.0 0.0 0.0 0.0 0.0 0.0 0.0 0.0075 0.6941666666666667 0.5616666666666666 0.014166666666666666 0.0 0.0 0.0 0.0 0.0 0.0 0.0 0.0 0.0 0.0 0.45 0.35 0.0 0.0 0.0 
0.0 0.0 0.0 0.0 0.0 0.0 0.0 0.0 0.0 0.0 0.0 0.0 0.0 0.0 0.0 0.0 0.0 0.0 0.0 0.0 0.0 0.0 0.0 0.0 0.2841666666666667 0.8775 0.9566666666666667 0.9266666666666666 0.9 0.43666666666666665 0.0 0.0 0.0 0.0 0.0 0.0 0.0 0.0 0.0 0.0 0.0 0.0 0.0 0.0 0.0 0.0 0.0 0.0 0.0 0.0 0.0 0.0075 0.04583333333333333 0.0 0.0 0.0 0.0 0.0 0.0 0.0 0.0 0.27416666666666667 0.685 0.005 0.0 0.0 0.0 0.0 0.0 0.0 0.0 0.0 0.0 0.0 0.0 0.45 0.35 0.0 0.0 0.0 
0.0 0.0 0.0 0.0 0.0 0.0 0.0 0.0 0.0 0.0 0.0 0.0 0.0 0.0 0.0 0.0 0.0 0.0 0.0 0.0 0.0 0.0 0.0 0.08416666666666667 0.8633333333333333 1.0 1.0 1.0 1.0 0.8325 0.0 0.0 0.0 0.0 0.0625 0.15 0.15 0.09416666666666666 0.0 0.0 0.0 0.0 0.0 0.0 0.0 0.0 0.0 0.0 0.0 0.0 0.0 0.39416666666666667 0.48333333333333334 0.0 0.0 0.0 0.0 0.0 0.0 0.0 0.0 0.004166666666666667 0.01 0.0 0.0 0.0 0.0 0.0 0.0 0.0 0.0 0.0 0.0 0.0 0.0 0.5983333333333334 0.27 0.0 0.0 0.0 
0.0 0.0 0.0 0.0 0.0 0.0 0.0 0.0 0.0 0.0 0.0 0.0 0.0 0.0 0.0 0.0 0.0 0.0 0.0 0.0 0.0 0.0 0.085 0.8366666666666667 1.0 1.0 1.0 1.0 1.0 0.85 0.0 0.0 0.05 0.5941666666666666 0.8725 0.6566666666666666 0.65 0.755 0.8091666666666667 0.31 0.0016666666666666668 0.0 0.0 0.0 0.0 0.0 0.0 0.0 0.0 0.0 0.0 0.45 0.35 0.0 0.0 0.0 0.0 0.0 0.0 0.0 0.0 0.0 0.0 0.0 0.0 0.0 0.0 0.0 0.0 0.0 0.0 0.0 0.0 0.0 0.0 0.65 0.15 0.0 0.0 0.0 
0.0 0.0 0.0 0.0 0.0 0.0 0.0 0.0 0.0 0.0 0.0 0.0 0.0 0.0 0.0 0.0 0.0 0.0 0.0 0.0 0.0 0.0 0.6491666666666667 0.9408333333333333 1.0 1.0 1.0 1.0 1.0 0.8141666666666667 0.0 0.019166666666666665 0.79 0.495 0.018333333333333333 0.0 0.0 0.0 0.19166666666666668 0.7141666666666666 0.71 0.09 0.0 0.0 0.0 0.0 0.0 0.0 0.0 0.0 0.0 0.45 0.35 0.0 0.0 0.0 0.0 0.0 0.0 0.0 0.0 0.0 0.0 0.0 0.0 0.0 0.0 0.0 0.0 0.0 0.0 0.0 0.0 0.0 0.0 0.65 0.15 0.0 0.0 0.0 
0.5175 0.8 0.8 0.8 0.82 0.8191666666666667 0.6333333333333333 0.5483333333333333 0.385 0.35 0.3775 0.45 0.4483333333333333 0.3625 0.535 0.685 0.06666666666666667 0.0 0.0 0.0 0.0 0.0 0.8333333333333334 0.9891666666666666 1.0 1.0 1.0 1.0 1.0 0.6341666666666667 0.0 0.2658333333333333 0.6666666666666666 0.0 0.0 0.0 0.0 0.0 0.0 0.0 0.4116666666666667 0.8391666666666666 0.11083333333333334 0.0 0.0 0.0 0.0 0.0 0.0 0.0 0.0 0.47833333333333333 0.345 0.0 0.0 0.0 0.0 0.0 0.0 0.0 0.0 0.0 0.0 0.0 0.0 0.0 0.0 0.0 0.0 0.0 0.0 0.0 0.0 0.0 0.0 0.65 0.15 0.0 0.0 0.0 
0.0 0.0 0.0 0.0 0.0 0.07 0.20333333333333334 0.30916666666666665 0.45 0.45 0.44916666666666666 0.3566666666666667 0.37333333333333335 0.45 0.3616666666666667 0.14166666666666666 0.0 0.0 0.0 0.0 0.0 0.0 0.23916666666666667 0.76 1.0 1.0 1.0 1.0 1.0 0.38666666666666666 0.0 0.35 0.45 0.0 0.0 0.0 0.0 0.0 0.0 0.0 0.0 0.2891666666666667 0.8408333333333333 0.08416666666666667 0.0 0.0 0.0 0.0 0.0 0.0 0.0 0.7216666666666667 0.1925 0.0 0.0 0.0 0.0 0.0 0.0 0.0 0.0 0.0 0.0 0.0 0.0 0.0 0.0 0.0 0.0 0.0 0.0 0.0 0.0 0.0 0.0 0.65 0.15 0.0 0.0 0.0 
0.0 0.0 0.0 0.0 0.0 0.0 0.0 0.0 0.0 0.0 0.0 0.0 0.0 0.0 0.0 0.0 0.0 0.0 0.0 0.0 0.0 0.0 0.0 0.05333333333333334 0.6525 0.6708333333333333 0.3908333333333333 0.45 0.41333333333333333 0.035 0.0 0.35 0.45 0.0 0.0 0.0 0.0 0.0 0.0 0.0 0.0 0.0 0.4241666666666667 0.6933333333333334 0.0 0.0 0.0 0.0 0.0 0.0 0.0 0.81 0.004166666666666667 0.0 0.0 0.0 0.0 0.0 0.0 0.0 0.0 0.0 0.0 0.0 0.0 0.0 0.0 0.0 0.0 0.0 0.0 0.0 0.0 0.0 0.0 0.7083333333333334 0.11583333333333333 0.0 0.0 0.0 
0.0 0.0 0.0 0.0 0.0 0.0 0.0 0.0 0.0 0.0 0.0 0.0 0.0 0.0 0.0 0.0 0.0 0.0 0.0 0.0 0.0 0.0 0.0 0.0 0.0 0.0 0.0 0.0 0.0 0.0 0.0 0.2925 0.6275 0.0 0.0 0.0 0.0 0.0 0.0 0.0 0.0 0.0 0.0025 0.7475 0.2891666666666667 0.0 0.0 0.0 0.0 0.0 0.030833333333333334 0.8266666666666667 0.0 0.0 0.0 0.0 0.0 0.0 0.0 0.0725 0.15 0.15 0.15 0.15 0.15 0.09333333333333334 0.0 0.0 0.0 0.0 0.0 0.0 0.0 0.0 0.0 0.75 0.05 0.0 0.0 0.0 
0.0 0.0 0.0 0.0 0.0 0.0 0.0 0.0 0.0 0.0 0.0 0.0 0.0 0.0 0.0 0.0 0.0 0.0 0.0 0.0 0.0 0.0 0.0 0.0 0.0 0.0 0.0 0.0 0.0 0.0 0.0 0.023333333333333334 0.8158333333333333 0.0 0.0 0.0 0.0525 0.0 0.0 0.0 0.0 0.0 0.0 0.15333333333333332 0.8608333333333333 0.08416666666666667 0.0 0.0 0.0 0.0 0.05 0.75 0.0 0.0 0.0 0.0 0.0 0.195 0.7925 0.8325 0.6566666666666666 0.65 0.65 0.65 0.65 0.5141666666666667 0.0 0.0 0.0 0.0 0.0 0.0 0.0 0.0 0.0 0.8325 0.025 0.0 0.0 0.0 
0.0 0.0 0.0 0.0 0.0 0.0 0.0 0.0 0.0 0.0 0.0 0.0 0.0 0.0 0.0 0.0 0.0 0.0 0.0 0.0 0.0 0.0 0.0 0.0 0.0 0.0 0.0 0.0 0.0 0.0 0.0 0.1525 0.7833333333333333 0.0 0.0 0.12 0.7183333333333334 0.0 0.0 0.0 0.0 0.0 0.0 0.0 0.445 0.5841666666666666 0.0 0.0 0.0 0.0 0.05 0.75 0.0 0.0 0.0 0.0 0.013333333333333334 0.8641666666666666 0.21666666666666667 0.0 0.0 0.0 0.0 0.0 0.0 0.0 0.0 0.0 0.0 0.0 0.0 0.0 0.0 0.0 0.0 0.8 0.0 0.0 0.0 0.0 
0.0 0.0 0.0 0.0 0.0 0.0 0.0 0.0 0.0 0.0 0.0 0.0 0.0 0.0 0.0 0.0 0.0 0.0 0.0 0.0 0.0 0.0 0.0 0.0 0.0 0.0 0.0 0.0 0.0 0.0 0.0 0.6266666666666667 0.38333333333333336 0.0 0.0 0.0025 0.8258333333333333 0.1225 0.0 0.0 0.0 0.0 0.0 0.0 0.03 0.85 0.17666666666666667 0.0 0.0 0.0 0.0325 0.8333333333333334 0.009166666666666667 0.0 0.0 0.0 0.14583333333333334 0.69 0.0 0.0 0.0 0.0 0.0 0.0 0.0 0.0 0.0 0.0 0.0 0.0 0.0 0.0 0.0 0.0 0.0 0.8 0.0 0.0 0.0 0.0 
0.0 0.0 0.0 0.0 0.0 0.0 0.0 0.0 0.0 0.0 0.0 0.0 0.0 0.0 0.0 0.0 0.0 0.0 0.0 0.0 0.0 0.0 0.0 0.0 0.0 0.0 0.0 0.0 0.0 0.0 0.13833333333333334 0.8333333333333334 0.004166666666666667 0.0 0.0 0.0 0.43583333333333335 0.5558333333333333 0.0 0.0 0.0 0.0 0.0 0.0 0.0 0.33 0.6816666666666666 0.0 0.0 0.0 0.0 0.43916666666666665 0.055 0.0 0.0 0.0 0.15 0.65 0.0 0.0 0.0 0.0 0.0 0.0 0.0 0.0 0.0 0.0 0.0 0.0 0.0 0.0 0.0 0.0 0.035833333333333335 0.7966666666666666 0.0 0.0 0.0 0.0 
0.0 0.0 0.0 0.0 0.0 0.0 0.0 0.0 0.0 0.0 0.0 0.0 0.0 0.0 0.0 0.0 0.0 0.0 0.0 0.0 0.0 0.0 0.0 0.0 0.0 0.0 0.0 0.0 0.0 0.0 0.6341666666666667 0.375 0.0 0.0 0.0 0.0 0.028333333333333332 0.8675 0.0775 0.0 0.0 0.0 0.0 0.0 0.0 0.0075 0.8508333333333333 0.10416666666666667 0.0 0.0 0.0 0.0 0.0 0.0 0.0 0.0 0.12166666666666667 0.7108333333333333 0.0 0.0 0.0 0.0 0.0 0.0 0.0 0.0 0.0 0.0 0.0 0.0 0.0 0.0 0.0 0.0 0.05 0.75 0.0 0.0 0.0 0.0 
0.0 0.0 0.0 0.0 0.0 0.0 0.0 0.0 0.0 0.0 0.0 0.0 0.0 0.0 0.0 0.0 0.0 0.0 0.0 0.0 0.0 0.0 0.0 0.0 0.0 0.0 0.0 0.0 0.0 0.2675 0.7925 0.009166666666666667 0.0 0.0 0.0 0.0 0.0 0.45416666666666666 0.49 0.0 0.0 0.0 0.0 0.0 0.0 0.0 0.4558333333333333 0.5266666666666666 0.0 0.0 0.0 0.0 0.0 0.0 0.0 0.0 0.021666666666666667 0.88 0.10083333333333333 0.0 0.0 0.0 0.0525 0.0 0.0 0.0 0.0 0.0 0.0 0.0 0.0 0.0 0.0 0.0 0.05 0.75 0.0 0.0 0.0 0.0 
0.0 0.0 0.0 0.0 0.0 0.0 0.0 0.0 0.0 0.0 0.0 0.0 0.0 0.0 0.0 0.0 0.0 0.0 0.0 0.0 0.0 0.0 0.0 0.0 0.0 0.0 0.0 0.0 0.0 0.6591666666666667 0.2866666666666667 0.0 0.0 0.0 0.0 0.0 0.0 0.058333333333333334 0.8475 0.03833333333333333 0.0 0.0 0.0 0.0 0.0 0.0 0.056666666666666664 0.875 0.06833333333333333 0.0 0.0 0.0 0.0 0.0 0.0 0.0 0.0 0.345 0.8091666666666667 0.051666666666666666 0.0 0.0 0.7925 0.425 0.0 0.0 0.0 0.0 0.0 0.0 0.0 0.0 0.0 0.0 0.21833333333333332 0.65 0.0 0.0 0.0 0.0 
0.0 0.0 0.0 0.0 0.0 0.0 0.0 0.0 0.0 0.0 0.0 0.0 0.0 0.0 0.0 0.0 0.0 0.0 0.0 0.0 0.0 0.0 0.0 0.0 0.0 0.0 0.0 0.0 0.04833333333333333 0.8691666666666666 0.028333333333333332 0.0 0.0 0.0 0.0 0.0 0.0 0.0 0.5533333333333333 0.35 0.0 0.0 0.0 0.0 0.0 0.0 0.0 0.575 0.3575 0.0 0.0 0.0 0.0 0.0 0.0 0.0 0.0 0.0 0.46 0.6525 0.0 0.0 0.05416666666666667 0.72 0.5866666666666667 0.030833333333333334 0.0 0.0 0.0 0.0 0.0 0.0 0.0 0.0 0.25 0.55 0.0 0.0 0.0 0.0 
0.0 0.0 0.0 0.0 0.0 0.0 0.0 0.0 0.0 0.0 0.0 0.0 0.0 0.0 0.019166666666666665 0.04833333333333333 0.0 0.0 0.0 0.0 0.0 0.0 0.0 0.0 0.0 0.0 0.0 0.0 0.3491666666666667 0.6108333333333333 0.0 0.0 0.0 0.0 0.0 0.0 0.0 0.0 0.14333333333333334 0.7541666666666667 0.0 0.0 0.0 0.0 0.0 0.0 0.0 0.2891666666666667 0.5983333333333334 0.0 0.0 0.0 0.0 0.0 0.0 0.0 0.0 0.0 0.010833333333333334 0.7666666666666667 0.2625 0.0 0.0 0.010833333333333334 0.4825 0.8033333333333333 0.20666666666666667 0.0 0.0 0.0 0.0 0.0 0.0 0.0 0.26916666666666667 0.545 0.0 0.0 0.0 0.0 
0.0 0.0 0.0 0.0 0.0 0.0 0.0 0.0 0.0 0.0 0.0 0.0 0.0 0.0 0.1875 0.8616666666666667 0.16166666666666665 0.0 0.0 0.0 0.0 0.0 0.0 0.0 0.0 0.0 0.0 0.008333333333333333 0.805 0.15333333333333332 0.0 0.0 0.0 0.0 0.0 0.0 0.0 0.0 0.0 0.7316666666666667 0.2225 0.0 0.0 0.0 0.0 0.0 0.0 0.041666666666666664 0.8575 0.008333333333333333 0.0 0.0 0.0 0.0 0.0 0.0 0.0 0.0 0.0 0.23 0.72 0.0 0.0 0.0 0.0 0.17833333333333334 0.7866666666666666 0.5208333333333334 0.021666666666666667 0.0 0.0 0.0 0.0 0.0 0.35 0.45166666666666666 0.0 0.0 0.0 0.0 
0.0 0.0 0.0 0.0 0.0 0.0 0.0 0.0 0.0 0.0 0.0 0.0 0.0 0.0 0.0 0.22666666666666666 0.8508333333333333 0.4866666666666667 0.08333333333333333 0.0 0.0 0.0 0.0 0.0 0.0 0.0 0.0 0.4216666666666667 0.6433333333333333 0.0 0.0 0.0 0.0 0.0 0.0 0.0 0.0 0.0 0.0 0.23666666666666666 0.695 0.0 0.0 0.0 0.0 0.0 0.0 0.0 0.7683333333333333 0.10583333333333333 0.0 0.0 0.0 0.0 0.0 0.0 0.0 0.0 0.0 0.011666666666666667 0.8716666666666667 0.0025 0.0 0.0 0.0 0.0 0.025 0.5041666666666667 0.81 0.20833333333333334 0.0 0.0 0.0 0.0 0.44333333333333336 0.4141666666666667 0.0 0.0 0.0 0.0 
0.0 0.0 0.0 0.0 0.0 0.0 0.0 0.0 0.0 0.0 0.0 0.0 0.0 0.0 0.0 0.0 0.035 0.445 0.8608333333333333 0.6475 0.31916666666666665 0.0375 0.0 0.0 0.0 0.0 0.25 0.865 0.07666666666666666 0.0 0.0 0.0 0.0 0.0 0.0 0.0 0.0 0.0 0.0 0.0025 0.8191666666666667 0.15083333333333335 0.0 0.0 0.0 0.0 0.0 0.0 0.5383333333333333 0.41833333333333333 0.0 0.0 0.0 0.0 0.0 0.0 0.0 0.0 0.0 0.0 0.7708333333333334 0.05 0.0 0.0 0.0 0.0 0.0 0.0 0.2125 0.835 0.4766666666666667 0.0275 0.0 0.0 0.5508333333333333 0.25 0.0 0.0 0.0 0.0 
0.0 0.0 0.0 0.0 0.0 0.0 0.0 0.0 0.0 0.0 0.0 0.0 0.0 0.0 0.0 0.0 0.0 0.0 0.025 0.27416666666666667 0.6025 0.8783333333333333 0.6883333333333334 0.4675 0.45 0.6983333333333334 0.795 0.18333333333333332 0.0 0.0 0.0 0.0 0.0 0.0 0.0 0.0 0.0 0.0 0.0 0.0 0.38333333333333336 0.5816666666666667 0.0 0.0 0.0 0.0 0.0 0.0 0.145 0.8525 0.049166666666666664 0.0 0.0 0.0 0.0 0.0 0.0 0.0 0.0 0.0 0.75 0.05 0.0 0.0 0.0 0.0 0.0 0.0 0.0 0.041666666666666664 0.5875 0.8183333333333334 0.3725 0.020833333333333332 0.64 0.16916666666666666 0.0 0.0 0.0 0.0 
0.0 0.0 0.0 0.0 0.0 0.0 0.0 0.0 0.0 0.0 0.0 0.0 0.0 0.0 0.0 0.0 0.0 0.0 0.0 0.0 0.0 0.019166666666666665 0.215 0.35 0.35 0.24 0.0008333333333333334 0.0 0.0 0.0 0.0 0.0 0.0 0.0 0.0 0.0 0.0 0.0 0.0 0.0 0.0375 0.8658333333333333 0.035833333333333335 0.0 0.0 0.0 0.0 0.0 0.0 0.525 0.5933333333333334 0.0016666666666666668 0.0 0.0 0.0 0.0 0.0 0.0 0.0 0.0 0.75 0.05 0.0 0.0 0.0 0.0 0.0 0.0 0.0 0.0 0.0 0.15083333333333335 0.5883333333333334 0.8133333333333334 0.8525 0.07333333333333333 0.0 0.0 0.0 0.0 
0.0 0.0 0.0 0.0 0.0 0.0 0.0 0.0 0.0 0.0 0.0 0.0 0.0 0.0 0.0 0.0 0.0 0.0 0.0 0.0 0.0 0.0 0.0 0.0 0.0 0.0 0.0 0.0 0.0 0.0 0.0 0.0 0.0 0.0 0.0 0.0 0.0 0.0 0.0 0.0 0.0 0.5658333333333333 0.39 0.0 0.0 0.0 0.0 0.0 0.0 0.0225 0.7141666666666666 0.57 0.0125 0.0 0.0 0.0 0.0 0.0 0.0 0.0 0.855 0.03916666666666667 0.0 0.0 0.0 0.0 0.0 0.0 0.0 0.0 0.0 0.0 0.0 0.2758333333333333 0.9141666666666667 0.0 0.0 0.0 0.0 0.0 
0.0 0.0 0.0 0.0 0.0 0.0 0.0 0.0 0.0 0.0 0.0 0.0 0.0 0.0 0.0 0.0 0.0 0.0 0.0 0.0 0.0 0.0 0.0 0.0 0.0 0.0 0.0 0.0 0.0 0.0 0.0 0.0 0.0 0.0 0.0 0.0 0.0 0.0 0.0 0.0 0.0 0.12083333333333333 0.8208333333333333 0.008333333333333333 0.0 0.0 0.0 0.0 0.0 0.0 0.013333333333333334 0.5383333333333333 0.82 0.31833333333333336 0.005 0.0 0.0 0.0 0.0 0.0775 0.8066666666666666 0.0 0.0 0.0 0.0 0.0 0.0 0.0 0.0 0.0 0.0 0.0 0.0 0.35 0.5666666666666667 0.0 0.0 0.0 0.0 0.0 
0.0 0.0 0.0 0.0 0.0 0.0 0.0 0.0 0.0 0.0 0.0 0.0 0.0 0.0 0.0 0.0 0.0 0.0 0.0 0.0 0.0 0.0 0.0 0.0 0.0 0.0 0.0 0.0 0.0 0.0 0.0 0.0 0.0 0.0 0.0 0.0 0.0 0.0 0.0 0.0 0.0 0.0 0.6841666666666667 0.32916666666666666 0.0 0.0 0.0 0.0 0.0 0.0 0.0 0.0 0.19166666666666668 0.69 0.8116666666666666 0.37916666666666665 0.14666666666666667 0.0016666666666666668 0.025833333333333333 0.6291666666666667 0.495 0.0 0.0 0.0 0.0 0.0 0.0 0.0 0.0 0.0 0.0 0.0 0.0 0.68 0.2475 0.0 0.0 0.0 0.0 0.0 
0.0 0.0 0.0 0.0 0.0 0.0 0.0 0.0 0.0 0.0 0.0 0.0 0.0 0.0 0.0 0.0 0.0 0.0 0.0 0.0 0.0 0.0 0.0 0.0 0.0 0.0 0.0 0.0 0.0 0.0 0.0 0.0 0.0 0.0 0.0 0.0 0.0 0.0 0.0 0.0 0.0 0.0 0.1225 0.8025 0.0033333333333333335 0.0 0.0 0.0 0.0 0.0 0.0 0.0 0.0 0.0 0.15 0.5158333333333334 0.7491666666666666 0.8033333333333333 0.8166666666666667 0.5675 0.016666666666666666 0.0 0.0 0.0 0.0 0.0 0.0 0.0 0.0 0.0 0.0 0.0 0.0525 0.8483333333333334 0.009166666666666667 0.0 0.0 0.0 0.0 0.0 
0.0 0.0 0.0 0.0 0.0 0.0 0.0 0.0 0.0 0.0 0.0 0.0 0.0 0.0 0.0 0.0 0.043333333333333335 0.009166666666666667 0.0 0.0 0.0 0.0 0.0 0.0 0.0 0.0 0.0 0.0 0.0 0.0 0.0 0.0 0.0 0.0 0.0 0.0 0.0 0.0 0.0 0.0 0.0 0.0 0.0 0.5958333333333333 0.335 0.0 0.0 0.0 0.0 0.0 0.0 0.0 0.0 0.0 0.0 0.0 0.0 0.0 0.0 0.0 0.0 0.0 0.0 0.0 0.0 0.0 0.0 0.0 0.0 0.0 0.0 0.0 0.43833333333333335 0.5308333333333334 0.0 0.0 0.0 0.0 0.0 0.0 
0.0 0.0 0.0 0.0 0.0 0.0 0.0 0.0 0.0 0.0 0.0 0.0 0.0 0.0 0.0 0.0 0.535 0.3516666666666667 0.0 0.0 0.0 0.0 0.0 0.0 0.0 0.0 0.0 0.0 0.0 0.0 0.0 0.0 0.0 0.0 0.0 0.0 0.0 0.0 0.0 0.0 0.0 0.0 0.0 0.1875 0.7591666666666667 0.0 0.0 0.0 0.0 0.0 0.0 0.0 0.0 0.0 0.0 0.0 0.0 0.0 0.0 0.0 0.0 0.0 0.0 0.0 0.0 0.0 0.0 0.0 0.0 0.0 0.0 0.0016666666666666668 0.8183333333333334 0.13333333333333333 0.0 0.0 0.0 0.0 0.0 0.0 
0.0 0.0 0.0 0.0 0.0 0.0 0.0 0.0 0.0 0.0 0.0 0.0 0.0 0.0 0.0 0.0 0.1525 0.86 0.3225 0.0 0.0 0.0 0.0 0.0 0.0 0.0 0.0 0.0 0.0 0.0 0.0 0.0 0.0 0.0 0.0 0.0 0.0 0.0 0.0 0.0 0.0 0.0 0.0 0.0 0.7383333333333333 0.17333333333333334 0.0 0.0 0.0 0.0 0.0 0.0 0.0 0.0 0.0 0.0 0.0 0.0 0.0 0.0 0.0 0.0 0.0 0.0 0.0 0.0 0.0 0.0 0.0 0.0 0.0 0.2891666666666667 0.69 0.0 0.0 0.0 0.0 0.0 0.0 0.0 
0.0 0.0 0.0 0.0 0.0 0.0 0.0 0.0 0.0 0.0 0.0 0.0 0.0 0.0 0.0 0.0 0.0 0.11166666666666666 0.77 0.6175 0.0925 0.0 0.0 0.0 0.0 0.0 0.0 0.0 0.0 0.0 0.0 0.0 0.0 0.0 0.0 0.0 0.0 0.0 0.0 0.0 0.0 0.0 0.0 0.0 0.38916666666666666 0.5358333333333334 0.0 0.0 0.0 0.0 0.0 0.0 0.0 0.0 0.0 0.0 0.0 0.0 0.0 0.0 0.0 0.0 0.0 0.0 0.0 0.0 0.0 0.0 0.0 0.0 0.0 0.76 0.19916666666666666 0.0 0.0 0.0 0.0 0.0 0.0 0.0 
0.0 0.0 0.0 0.0 0.0 0.0 0.0 0.0 0.0 0.0 0.0 0.0 0.0 0.0 0.0 0.0 0.0 0.0 0.005 0.44583333333333336 0.8683333333333333 0.4216666666666667 0.035 0.0 0.0 0.0 0.0 0.0 0.0 0.0 0.0 0.0 0.0 0.0 0.0 0.0 0.0 0.0 0.0 0.0 0.0 0.0 0.0 0.0 0.08916666666666667 0.8483333333333334 0.008333333333333333 0.0 0.0 0.0 0.0 0.0 0.0 0.0 0.0 0.0 0.0 0.2791666666666667 0.35 0.295 0.01 0.0 0.0 0.0 0.0 0.0 0.0 0.0 0.0 0.0 0.3 0.6966666666666667 0.0 0.0 0.0 0.0 0.0 0.0 0.0 0.0 
0.0 0.0 0.0 0.0 0.0 0.0 0.0 0.0 0.0 0.0 0.0 0.0 0.0 0.0 0.0 0.0 0.0 0.0 0.0 0.0 0.06833333333333333 0.5908333333333333 0.8275 0.41083333333333333 0.03166666666666667 0.0 0.0 0.0 0.0 0.0 0.0 0.0 0.0 0.0 0.0 0.0 0.0 0.0 0.0 0.0 0.0 0.0 0.0 0.0 0.0 0.7458333333333333 0.1975 0.0 0.0 0.0 0.0 0.0 0.0 0.0 0.0 0.0 0.46166666666666667 1.0 1.0 1.0 0.6258333333333334 0.0 0.0 0.0 0.0 0.0 0.0 0.0 0.0 0.03833333333333333 0.8383333333333334 0.19083333333333333 0.0 0.0 0.0 0.0 0.0 0.0 0.0 0.0 
0.0 0.0 0.0 0.0 0.0 0.0 0.0 0.0 0.0 0.0 0.0 0.0 0.0 0.0 0.0 0.0 0.0 0.0 0.0 0.0 0.0 0.0 0.11416666666666667 0.5508333333333333 0.8541666666666666 0.5258333333333334 0.13083333333333333 0.0 0.0 0.0 0.0 0.0 0.0 0.0 0.0 0.0 0.0 0.0 0.0 0.0 0.0 0.0 0.0 0.0 0.0 0.43083333333333335 0.4266666666666667 0.0 0.0 0.0 0.0 0.0 0.0 0.0 0.0 0.0 0.8708333333333333 0.7958333333333333 0.97 1.0 0.9983333333333333 0.21416666666666667 0.0 0.0 0.0 0.0 0.0 0.0 0.0075 0.655 0.49583333333333335 0.0 0.0 0.0 0.0 0.0 0.0 0.0 0.0 0.0 
0.0 0.0 0.0 0.0 0.0 0.0 0.0 0.0 0.0 0.0 0.0 0.0 0.0 0.0 0.0 0.0 0.0 0.0 0.0 0.0 0.0 0.0 0.0 0.0 0.035 0.4041666666666667 0.7983333333333333 0.7516666666666667 0.36916666666666664 0.06666666666666667 0.0 0.0 0.0 0.0 0.0 0.0 0.0 0.0 0.0 0.0 0.0 0.0 0.0 0.0 0.0 0.19083333333333333 0.7116666666666667 0.0 0.0 0.0 0.0 0.0 0.0 0.0 0.0 0.0 0.8 0.7466666666666667 1.0 1.0 1.0 0.6141666666666666 0.0 0.0 0.0 0.0 0.0 0.0075 0.6058333333333333 0.6591666666666667 0.004166666666666667 0.0 0.0 0.0 0.0 0.0 0.0 0.0 0.0 0.0 
0.0 0.0 0.0 0.0 0.0 0.0 0.0 0.0 0.0 0.0 0.0 0.0 0.0 0.0 0.0 0.0 0.0 0.0 0.0 0.0 0.0 0.0 0.0 0.0 0.0 0.0 0.0 0.17416666666666666 0.5166666666666667 0.8158333333333333 0.7008333333333333 0.4191666666666667 0.13416666666666666 0.0 0.0 0.0 0.0 0.0 0.0 0.0 0.0 0.0 0.0 0.0 0.0 0.0125 0.8533333333333334 0.13083333333333333 0.0 0.0 0.0 0.0 0.0 0.0 0.0 0.0 0.7866666666666666 0.8925 1.0 0.9908333333333333 1.0 0.75 0.0 0.0 0.0 0.0 0.0016666666666666668 0.6041666666666666 0.6591666666666667 0.016666666666666666 0.0 0.0 0.0 0.0 0.0 0.0 0.0 0.0 0.0 0.0 
0.0 0.0 0.0 0.0 0.0 0.0 0.0 0.0 0.0 0.0 0.0 0.0 0.0 0.0 0.0 0.0 0.0 0.0 0.0 0.0 0.0 0.0 0.0 0.0 0.0 0.0 0.0 0.0 0.0 0.0 0.19166666666666668 0.4791666666666667 0.7458333333333333 0.8225 0.6025 0.365 0.10166666666666667 0.0008333333333333334 0.0 0.0 0.0 0.0 0.0 0.0 0.0 0.0 0.425 0.5266666666666666 0.0 0.0 0.0 0.0 0.0 0.0 0.0 0.0 0.15333333333333332 0.8708333333333333 1.0 1.0 1.0 0.6766666666666666 0.0 0.0 0.0 0.1275 0.7058333333333333 0.6266666666666667 0.014166666666666666 0.0 0.0 0.0 0.0 0.0 0.0 0.0 0.0 0.0 0.0 0.0 
0.0 0.0 0.0 0.0 0.0 0.0 0.0 0.0 0.0 0.0 0.0 0.0 0.0 0.0 0.0 0.0 0.0 0.0 0.0 0.0 0.0 0.0 0.0 0.0 0.0 0.0 0.0 0.0 0.0 0.0 0.0 0.0 0.0 0.06 0.29333333333333333 0.5483333333333333 0.7633333333333333 0.8433333333333334 0.7466666666666667 0.5108333333333334 0.34 0.1775 0.049166666666666664 0.0 0.0 0.0 0.095 0.8283333333333334 0.0008333333333333334 0.0 0.0 0.0 0.0 0.0 0.0 0.0 0.0 0.04833333333333333 0.3433333333333333 0.4141666666666667 0.445 0.10333333333333333 0.0 0.13083333333333333 0.5683333333333334 0.8483333333333334 0.35833333333333334 0.0008333333333333334 0.0 0.0 0.0 0.0 0.0 0.0 0.0 0.0 0.0 0.0 0.0 0.0 
0.0 0.0 0.0 0.0 0.0 0.0 0.0 0.0 0.0 0.0 0.0 0.0 0.0 0.0 0.0 0.0 0.0 0.0 0.0 0.0 0.0 0.0 0.0 0.0 0.0 0.0 0.0 0.0 0.0 0.0 0.0 0.0 0.0 0.0 0.0 0.0 0.0 0.009166666666666667 0.1275 0.32416666666666666 0.5275 0.665 0.8225 0.84 0.685 0.5791666666666667 0.5 0.8683333333333333 0.3933333333333333 0.22333333333333333 0.05 0.035 0.0 0.0 0.0 0.0 0.0 0.0 0.0 0.0 0.019166666666666665 0.25083333333333335 0.6133333333333333 0.8433333333333334 0.395 0.03 0.0 0.0 0.0 0.0 0.0 0.0 0.0 0.0 0.0 0.0 0.0 0.0 0.0 0.0 
0.0 0.0 0.0 0.0 0.0 0.0 0.0 0.0 0.0 0.0 0.0 0.0 0.0 0.0 0.0 0.0 0.0 0.0 0.0 0.0 0.0 0.0 0.0 0.0 0.0 0.0 0.0 0.0 0.0 0.0 0.0 0.0 0.0 0.0 0.0 0.0 0.0 0.0 0.0 0.0 0.0 0.0 0.0 0.0125 0.15 0.23666666666666666 0.3675 0.5725 0.9283333333333333 0.6325 0.75 0.7875 0.8 0.8 0.8341666666666666 0.75 0.75 0.75 0.75 0.7983333333333333 0.8375 0.6608333333333334 0.3233333333333333 0.01 0.0 0.0 0.0 0.0 0.0 0.0 0.0 0.0 0.0 0.0 0.0 0.0 0.0 0.0 0.0 0.0 
0.0 0.0 0.0 0.0 0.0 0.0 0.0 0.0 0.0 0.0 0.0 0.0 0.0 0.0 0.0 0.0 0.0 0.0 0.0 0.0 0.0 0.0 0.0 0.0 0.0 0.0 0.0 0.0 0.0 0.0 0.0 0.0 0.0 0.0 0.0 0.0 0.0 0.0 0.0 0.0 0.0 0.0 0.0 0.0 0.0 0.0 0.0 0.0008333333333333334 0.2175 0.0 0.0 0.0 0.0 0.0 0.03333333333333333 0.05 0.05 0.05 0.05 0.035 0.0 0.0 0.0 0.0 0.0 0.0 0.0 0.0 0.0 0.0 0.0 0.0 0.0 0.0 0.0 0.0 0.0 0.0 0.0 0.0 
0.0 0.0 0.0 0.0 0.0 0.0 0.0 0.0 0.0 0.0 0.0 0.0 0.0 0.0 0.0 0.0 0.0 0.0 0.0 0.0 0.0 0.0 0.0 0.0 0.0 0.0 0.0 0.0 0.0 0.0 0.0 0.0 0.0 0.0 0.0 0.0 0.0 0.0 0.0 0.0 0.0 0.0 0.0 0.0 0.0 0.0 0.0 0.0 0.0 0.0 0.0 0.0 0.0 0.0 0.0 0.0 0.0 0.0 0.0 0.0 0.0 0.0 0.0 0.0 0.0 0.0 0.0 0.0 0.0 0.0 0.0 0.0 0.0 0.0 0.0 0.0 0.0 0.0 0.0 0.0 
0.0 0.0 0.0 0.0 0.0 0.0 0.0 0.0 0.0 0.0 0.0 0.0 0.0 0.0 0.0 0.0 0.0 0.0 0.0 0.0 0.0 0.0 0.0 0.0 0.0 0.0 0.0 0.0 0.0 0.0 0.0 0.0 0.0 0.0 0.0 0.0 0.0 0.0 0.0 0.0 0.0 0.0 0.0 0.0 0.0 0.0 0.0 0.0 0.0 0.0 0.0 0.0 0.0 0.0 0.0 0.0 0.0 0.0 0.0 0.0 0.0 0.0 0.0 0.0 0.0 0.0 0.0 0.0 0.0 0.0 0.0 0.0 0.0 0.0 0.0 0.0 0.0 0.0 0.0 0.0 
0.0 0.0 0.0 0.0 0.0 0.0 0.0 0.0 0.0 0.0 0.0 0.0 0.0 0.0 0.0 0.0 0.0 0.0 0.0 0.0 0.0 0.0 0.0 0.0 0.0 0.0 0.0 0.0 0.0 0.0 0.0 0.0 0.0 0.0 0.0 0.0 0.0 0.0 0.0 0.0 0.0 0.0 0.0 0.0 0.0 0.0 0.0 0.0 0.0 0.0 0.0 0.0 0.0 0.0 0.0 0.0 0.0 0.0 0.0 0.0 0.0 0.0 0.0 0.0 0.0 0.0 0.0 0.0 0.0 0.0 0.0 0.0 0.0 0.0 0.0 0.0 0.0 0.0 0.0 0.0 
0.0 0.0 0.0 0.0 0.0 0.0 0.0 0.0 0.0 0.0 0.0 0.0 0.0 0.0 0.0 0.0 0.0 0.0 0.0 0.0 0.0 0.0 0.0 0.0 0.0 0.0 0.0 0.0 0.0 0.0 0.0 0.0 0.0 0.0 0.0 0.0 0.0 0.0 0.0 0.0 0.0 0.0 0.0 0.0 0.0 0.0 0.0 0.0 0.0 0.0 0.0 0.0 0.0 0.0 0.0 0.0 0.0 0.0 0.0 0.0 0.0 0.0 0.0 0.0 0.0 0.0 0.0 0.0 0.0 0.0 0.0 0.0 0.0 0.0 0.0 0.0 0.0 0.0 0.0 0.0 
0.0 0.0 0.0 0.0 0.0 0.0 0.0 0.0 0.0 0.0 0.0 0.0 0.0 0.0 0.0 0.0 0.0 0.0 0.0 0.0 0.0 0.0 0.0 0.0 0.0 0.0 0.0 0.0 0.0 0.0 0.0 0.0 0.0 0.0 0.0 0.0 0.0 0.0 0.0 0.0 0.0 0.0 0.0 0.0 0.0 0.0 0.0 0.0 0.0 0.0 0.0 0.0 0.0 0.0 0.0 0.0 0.0 0.0 0.0 0.0 0.0 0.0 0.0 0.0 0.0 0.0 0.0 0.0 0.0 0.0 0.0 0.0 0.0 0.0 0.0 0.0 0.0 0.0 0.0 0.0 
