0 0 0 0 0 0 0 0 0 0 0 0 0 0 0 0 0 0 0 0 0 0 0 0 0 0 0 0 0 0 0 0 0 0 0 0 0 0 0 0 0 0 0 0 0 0 0 0 0 0 0 0 0 0 0 0 0 0 0 0 0 0 0 0 0 0 0 0 0 0 0 0 0 0 0 0 0 0 0 0 0 
0 0 0 0 0 0 0 0 0 0 0 0 0 0 0 0 0 0 0 0 0 0 0 0 0 0 0 0 0 0 0 0 0 0 0 0 0 0 0 0 0 0 0 0 0 0 0 0 0 0 0 0 0 0 0 0 0 0 0 0 0 0 0 0 0 0 0 0 0 0 0 0 0 0 0 0 0 0 0 0 0 
0 0 0 0 0 0 0 0 0 0 0 0 0 0 0 0 0 0 0 0 0 0 0 0 0 0 0 0 0 0 0 0 0 0 0 0 0 0 0 0 0 0 0 0 0 0 0 0 0 0 0 0 0 0 0 0 0 0 0 0 0 0 0 0 0 0 0 0 0 0 0 0 0 0 0 0 0 0 0 0 0 
0 0 0 0 0 0 0 0 0 0 0 0 0 0 0 0 0 0 0 0 0 0 0 0 0 0 0 0 0 0 0 0 0 0 0 0 0 0 0 0 0 0 0 0 0 0 0 0 0 0 0 0 0 0 0 0 0 0 0 0 0 0 0 0 0 0 0 0 0 0 0 0 0 0 0 0 0 0 0 0 0 
0 0 0 0 0 0 0 0 0 0 0 0 0 0 0 0 0 0 0 0 0 0 0 0 0 0 0 0 0 0 0 0 0 0 0 0 0 0 0 0 0 0 0 0 0 0 0 0 0 0 0 0 0 0 0 0 0 0 0 0 0 0 0 0 0 0 0 0 0 0 0 0 0 0 0 0 0 0 0 0 0 
0 0 0 0 0 0 0 0 0 0 0 0 0 0 0 0 0 0 0 0 0 0 0 0 0 0 0 0 0 0 0 0 0 0 0 0 0 0 0 0 0 0 0 0 0 0 0 0 0 0 0 0 0 0 0 0 0 0 0 0 0 0 0 0 0 0 0 0 0 0 0 0 0 0 0 0 0 0 0 0 0 
0 0 0 0 0 0 0 0 0 0 0 0 0 0 0 0 0 0 0 0 0 0 0 0 0 0 0 0 0 0 0 0 0 0 0 0 0 0 0 0 0 0 0 0 0 0 0 0 0 0 0 0 0 0 0 0 0 0 0 0 0 0 0 0 0 0 0 0 0 0 0 0 0 0 0 0 0 0 0 0 0 
0 0 0 0 0 0 0 0 0 0 0 0 0 0 0 0 0 0 0 0 0 0 0 0 0 0 0 0 0 0 0 0 0 0 0 0 0 0 0 0 0 0 0 0 0 0 0 0 0 0 0 0 0 0 0 0 0 0 0 0 0 0 0 0 0 0 0 0 0 0 0 0 0 0 0 0 0 0 0 0 0 
0 0 0 0 0 0 0 0 0 0 0 0 0 0 0 0 0 0 0 0 0 0 0 0 0 0 0 0 0 0 0 0 0 0 0 0 0 0 0 0 0 0 0 0 0 0 0 0 0 0 0 0 0 0 1 406 741 870 792 620 354 64 0 0 0 0 0 0 0 0 0 0 0 0 0 0 0 0 0 0 0 
0 0 0 0 0 0 0 0 0 0 0 0 0 0 0 0 0 0 0 0 0 0 0 0 0 0 0 0 0 0 0 0 0 0 0 0 0 0 0 0 0 0 0 0 0 0 0 0 0 0 0 0 599 1558 2105 1823 1304 1120 1236 1380 1854 2015 2082 1706 1000 265 0 0 0 0 0 0 0 0 0 0 0 0 0 0 0 
0 0 0 0 0 0 0 0 0 0 0 0 0 0 0 0 0 0 0 0 72 513 620 620 620 620 620 620 469 123 0 0 0 0 0 0 0 0 0 0 0 0 0 0 0 0 0 0 0 5 569 1921 1874 764 108 0 0 0 0 0 0 0 85 499 1171 2053 1807 793 24 0 0 0 0 0 0 0 0 0 0 0 0 
0 0 0 0 0 0 0 0 0 0 0 0 0 0 0 0 0 0 186 1405 2126 1601 1371 1370 1370 1370 1370 1370 1657 2131 1972 1469 978 405 3 0 0 0 0 0 0 0 0 0 0 0 0 42 852 1914 1875 606 2 0 0 0 0 0 0 0 0 0 0 0 0 0 480 1727 2008 633 0 0 0 0 0 0 0 0 0 0 0 
0 0 0 0 0 0 0 0 0 0 0 0 0 0 0 0 0 464 2129 1022 54 0 0 0 0 0 0 0 0 0 253 664 1188 1747 2102 1636 914 147 0 0 0 0 0 0 0 181 1092 2122 1572 515 0 0 0 0 0 0 0 0 0 0 0 0 0 0 0 0 0 0 496 1992 1060 0 0 0 0 0 0 0 0 0 0 
0 0 0 0 0 0 0 0 0 0 0 0 0 0 0 0 121 2172 519 0 0 0 0 0 0 0 0 0 0 0 0 0 0 0 64 622 1328 2083 1841 1241 1016 870 870 1042 1648 2182 1326 301 0 0 0 0 0 0 0 0 0 669 401 0 0 0 0 0 0 0 0 0 0 159 1959 1026 0 0 0 0 0 0 0 0 0 
0 0 0 0 0 0 0 0 0 0 0 0 0 0 0 0 815 1414 0 0 0 0 0 0 368 794 555 13 0 0 26 0 0 0 0 0 0 12 362 786 1035 1120 1120 991 669 51 0 0 0 0 0 0 0 0 0 0 340 2274 2136 757 3 0 0 0 0 0 0 0 0 0 143 2129 448 0 0 0 0 0 0 0 0 
0 0 0 0 0 0 0 0 0 0 0 0 0 0 0 0 850 1235 0 0 0 0 0 0 1253 2500 2499 2285 1688 1782 2268 669 0 0 0 0 0 0 0 0 0 0 0 0 0 0 0 0 0 0 0 0 0 0 0 0 1111 1050 360 1883 1457 24 0 0 0 0 0 0 0 0 0 724 1692 1 0 0 0 0 0 0 0 
0 0 0 0 0 0 0 0 0 0 0 0 0 0 0 0 261 2152 436 0 0 0 0 0 158 2163 2500 2500 2500 2500 2436 1083 0 0 0 0 0 0 0 0 0 0 0 0 0 0 0 0 0 0 0 0 0 0 0 0 945 1448 0 26 1565 1578 53 0 0 0 0 0 0 0 0 4 2013 296 0 0 0 0 0 0 0 
0 0 0 0 0 0 0 0 0 0 0 0 0 0 0 0 0 516 2154 761 0 0 0 0 0 313 2369 2500 2500 2499 2499 2107 309 0 0 0 0 0 0 0 0 0 0 0 0 0 0 0 0 0 0 0 0 0 0 0 64 1946 1111 0 15 1415 1922 131 0 0 0 0 0 0 0 0 941 1388 0 0 0 0 0 0 0 
0 0 0 0 0 0 0 0 0 0 0 0 0 0 0 0 0 0 256 1868 1783 682 14 0 0 0 490 871 1021 1370 793 622 85 0 0 0 0 0 0 0 0 0 0 0 0 0 0 0 0 0 0 0 0 0 0 0 0 144 2057 605 0 0 1143 1809 26 0 0 0 0 0 0 0 132 2155 96 0 0 0 0 0 0 
0 0 0 0 0 0 0 0 0 0 0 0 0 0 0 0 0 0 0 5 589 1597 2040 1222 455 13 0 0 0 0 0 0 0 0 0 0 0 0 0 0 0 0 0 0 0 0 0 0 0 0 0 0 0 0 0 0 0 0 497 2151 569 0 0 1676 1031 0 0 0 0 0 0 0 0 1381 1007 0 0 0 0 0 0 
0 0 0 0 0 0 0 0 0 0 0 0 0 0 0 0 0 0 0 0 0 0 178 1021 1782 2099 1518 903 333 0 0 0 0 0 0 0 0 0 0 0 0 0 0 0 0 0 0 0 0 0 0 0 0 0 0 0 0 0 0 508 1954 1647 1142 1821 1479 0 0 0 0 0 0 0 0 276 2050 8 0 0 0 0 0 
0 0 0 0 0 0 0 0 0 0 0 0 0 0 0 0 0 0 0 0 0 0 0 0 0 76 693 1381 1918 2058 1799 1176 470 0 0 0 0 0 0 0 1240 2107 1997 2053 1804 1624 1491 1102 378 0 0 0 0 0 0 0 0 0 0 0 29 718 870 595 4 0 0 0 0 0 0 0 0 0 1826 268 0 0 0 0 0 
0 0 0 0 0 0 0 0 0 0 0 0 0 0 0 0 0 0 0 0 0 0 0 0 0 0 0 0 0 29 430 998 1854 1915 663 4 0 0 0 0 994 1823 30 29 370 371 597 1104 542 0 0 0 0 0 0 0 0 0 0 0 0 0 0 0 0 0 0 0 0 0 0 0 0 0 1265 904 0 0 0 0 0 
0 0 0 0 0 0 0 0 0 0 0 0 0 0 0 0 0 0 0 0 0 0 0 0 0 0 0 0 0 0 0 0 0 572 1866 1799 134 0 0 0 1 1566 1548 69 0 0 0 0 0 0 0 0 0 0 0 0 0 1116 1395 52 0 0 0 0 0 0 0 0 0 0 0 0 0 0 876 1223 0 0 0 0 0 
1619 1308 939 600 122 0 0 0 0 0 0 0 0 0 0 0 0 0 0 0 0 0 0 0 0 0 0 0 0 0 0 0 0 0 2 1153 1771 1 0 0 0 7 1475 1409 4 0 0 0 0 0 0 0 0 0 0 0 0 29 1463 1791 182 0 0 0 0 0 0 0 0 0 0 0 0 0 374 1677 0 0 0 0 0 
421 879 1133 1665 2114 1975 1376 596 24 0 0 0 0 0 0 0 0 0 0 0 0 0 0 0 0 0 0 0 0 0 0 0 0 0 0 0 2030 222 0 0 0 0 63 1770 1184 0 0 0 0 0 0 0 18 359 52 0 0 0 5 993 2051 261 0 0 0 0 0 0 0 0 0 0 0 0 125 1877 0 0 0 0 0 
0 0 0 0 0 238 929 1736 2075 755 0 0 0 0 0 0 0 0 0 0 0 0 0 0 0 0 0 0 0 0 0 0 0 0 0 0 1353 859 0 0 0 0 0 141 2187 264 0 0 0 0 0 0 790 2499 1936 128 0 0 0 0 722 2149 556 0 0 0 0 0 0 0 0 0 0 0 29 2128 0 0 0 0 0 
0 0 0 0 0 0 0 0 429 1934 1236 3 0 0 0 0 111 120 120 120 120 122 24 0 0 0 0 0 0 0 0 0 0 0 0 0 876 1311 0 0 0 0 0 0 1089 1564 0 0 0 0 0 0 781 2500 2469 829 0 0 0 0 0 504 2148 654 0 0 0 0 0 0 0 0 0 0 0 2006 21 0 0 0 0 
0 0 0 278 435 0 0 0 0 71 1752 1627 630 1340 1896 2129 1959 1870 1870 1870 1870 1882 2127 2017 1894 1700 1341 1053 543 195 120 120 120 243 458 914 1683 1461 0 0 0 0 0 0 24 2101 284 0 0 0 0 0 47 1374 2297 756 0 0 0 0 0 0 372 2194 114 0 0 0 0 0 0 0 0 0 0 1870 120 0 0 0 0 
0 0 766 2460 2436 68 0 0 0 190 1321 2357 1593 946 282 24 0 0 0 0 0 0 0 14 121 465 732 1168 1529 1838 1870 1870 1870 1814 1620 1179 784 54 0 0 0 0 0 0 0 1276 938 0 0 0 0 0 0 0 50 0 0 0 0 0 0 0 0 1311 1163 0 0 0 0 0 0 0 0 0 0 1769 370 0 0 0 0 
0 0 377 2397 2462 71 0 0 248 2157 1180 125 0 0 0 0 0 0 0 0 0 0 0 0 0 0 0 0 0 0 0 0 0 0 0 0 0 0 0 0 0 0 0 0 0 719 1477 0 0 0 0 0 0 0 0 0 0 0 0 0 0 0 0 200 2196 46 0 0 0 0 0 0 0 0 0 1369 620 0 0 0 0 
0 0 0 250 879 0 0 0 1347 1090 0 0 0 0 0 0 0 0 0 0 0 0 0 0 0 0 0 0 0 0 0 0 0 0 0 0 0 0 0 0 0 0 0 0 0 320 1572 0 0 0 0 0 0 0 0 0 0 0 0 0 0 0 0 0 1816 415 0 0 0 0 0 0 0 0 0 1370 635 0 0 0 0 
0 0 0 0 0 0 0 0 1620 371 0 0 0 0 0 0 0 0 0 0 0 0 0 0 0 0 0 0 0 0 0 0 0 0 0 0 0 0 0 0 0 0 0 0 0 0 36 0 0 0 0 0 0 0 0 0 0 0 0 0 0 0 0 2 1637 617 0 0 0 0 0 0 0 0 0 1149 868 0 0 0 0 
0 0 0 0 0 0 0 0 1426 1211 1 0 0 0 0 0 0 0 0 0 0 0 0 0 0 0 0 0 0 0 0 0 0 0 0 0 0 0 0 0 0 0 0 0 0 0 0 0 0 0 0 0 0 0 0 0 0 0 0 0 0 0 117 1505 1814 93 0 0 0 0 0 0 0 0 0 1120 870 0 0 0 0 
0 0 0 0 0 0 0 0 206 1675 727 0 0 0 0 0 0 0 0 0 0 0 0 0 0 461 1804 1801 954 2 0 0 0 0 0 0 0 0 0 0 0 0 0 0 0 0 0 0 0 0 0 0 0 0 0 0 0 0 0 0 0 19 1733 1396 35 0 0 0 0 0 0 0 0 0 0 1120 870 0 0 0 0 
0 0 0 0 0 0 0 0 0 0 0 0 0 0 0 0 0 0 0 0 0 0 0 0 711 2189 2389 2309 2250 1093 0 0 0 0 0 0 0 0 0 0 0 0 0 0 0 0 0 0 0 0 0 19 114 0 0 0 0 0 0 0 0 686 1705 13 0 0 0 0 0 0 0 0 0 0 0 1120 870 0 0 0 0 
0 0 0 0 0 0 0 0 0 0 0 0 0 0 0 0 0 0 0 0 0 0 0 210 2154 2500 2500 2500 2500 2078 0 0 0 0 157 370 370 235 1 0 0 0 0 0 0 0 0 0 0 0 0 983 1203 0 0 0 0 0 0 0 0 12 25 0 0 0 0 0 0 0 0 0 0 0 0 1492 671 0 0 0 0 
0 0 0 0 0 0 0 0 0 0 0 0 0 0 0 0 0 0 0 0 0 0 213 2088 2500 2500 2500 2500 2500 2120 0 0 124 1486 2175 1635 1621 1888 2024 777 4 0 0 0 0 0 0 0 0 0 0 1120 870 0 0 0 0 0 0 0 0 0 0 0 0 0 0 0 0 0 0 0 0 0 0 1620 370 0 0 0 0 
16 0 0 0 0 0 0 0 0 0 0 0 0 0 0 0 0 0 0 0 0 0 1621 2345 2500 2500 2500 2500 2500 2031 0 50 1973 1230 45 0 0 0 480 1786 1776 227 0 0 0 0 0 0 0 0 0 1120 870 0 0 0 0 0 0 0 0 0 0 0 0 0 0 0 0 0 0 0 0 0 0 1620 370 0 0 0 0 
2222 1990 1990 1990 2042 2044 1578 1368 963 870 941 1120 1117 906 1387 1809 932 0 0 0 0 0 2079 2471 2500 2500 2500 2500 2499 1582 0 665 1661 0 0 0 0 0 0 0 1033 2092 274 0 0 0 0 0 0 0 0 1190 861 0 0 0 0 0 0 0 0 0 0 0 0 0 0 0 0 0 0 0 0 0 0 1620 370 0 0 0 0 
37 0 0 0 0 176 508 774 1120 1120 1118 886 933 1120 900 500 2013 756 0 0 0 0 599 1897 2499 2500 2500 2500 2497 967 0 870 1120 0 0 0 0 0 0 0 0 724 2097 213 0 0 0 0 0 0 0 1801 480 0 0 0 0 0 0 0 0 0 0 0 0 0 0 0 0 0 0 0 0 0 0 1620 370 0 0 0 0 
0 0 0 0 0 0 0 0 0 0 0 0 0 0 0 0 398 2189 112 0 0 0 0 134 1633 1676 976 1120 1029 85 0 870 1120 0 0 0 0 0 0 0 0 0 1064 1729 1 0 0 0 0 0 0 2018 11 0 0 0 0 0 0 0 0 0 0 0 0 0 0 0 0 0 0 0 0 0 0 1768 288 0 0 0 0 
0 0 0 0 0 0 0 0 0 0 0 0 0 0 0 0 0 1470 1126 0 0 0 0 0 0 0 0 0 0 48 1049 1926 1567 0 0 0 0 0 0 0 0 0 7 1865 727 0 0 0 0 0 76 2062 0 0 0 0 0 0 0 179 370 370 370 370 371 235 0 0 0 0 0 0 0 0 0 1870 121 0 0 0 0 
0 0 0 0 0 0 0 0 0 0 0 0 0 0 0 0 0 159 1810 1934 890 157 0 0 0 0 0 19 586 1942 1584 506 2031 0 0 1 130 0 0 0 0 0 0 384 2150 215 0 0 0 0 120 1871 0 0 0 0 0 491 1976 2078 1638 1620 1620 1620 1620 1284 0 0 0 0 0 0 0 0 0 2076 61 0 0 0 0 
0 0 0 0 0 0 0 0 0 0 0 0 0 0 0 0 0 0 1 567 1456 2073 1963 1382 1370 1371 1647 2134 1785 772 0 384 1953 0 0 300 1795 0 0 0 0 0 0 0 1110 1461 0 0 0 0 120 1871 0 0 0 0 36 2160 539 0 0 0 0 0 0 0 0 0 0 0 0 0 0 0 0 1990 0 0 0 0 0 
0 0 0 0 0 0 0 0 0 0 0 0 0 0 0 0 0 0 0 0 0 0 336 620 620 620 509 107 0 0 0 1567 957 0 0 8 2066 307 0 0 0 0 0 0 76 2120 444 0 0 0 79 2079 25 0 0 0 363 1722 0 0 0 0 0 0 0 0 0 0 0 0 0 0 0 0 0 1991 0 0 0 0 0 
0 0 0 0 0 0 0 0 0 0 0 0 0 0 0 0 0 0 0 0 0 0 0 0 0 0 0 0 0 0 345 2080 11 0 0 0 1089 1387 0 0 0 0 0 0 0 826 1701 0 0 0 0 1098 137 0 0 0 370 1620 0 0 0 0 0 0 0 0 0 0 0 0 0 0 0 0 88 1987 0 0 0 0 0 
0 0 0 0 0 0 0 0 0 0 0 0 0 0 0 0 0 0 0 0 0 0 0 0 0 0 0 0 0 0 1584 936 0 0 0 0 71 2166 194 0 0 0 0 0 0 19 2125 260 0 0 0 0 0 0 0 0 299 1775 0 0 0 0 0 0 0 0 0 0 0 0 0 0 0 0 120 1870 0 0 0 0 0 
0 0 0 0 176 1048 1042 358 0 0 0 0 0 0 0 0 0 0 0 0 0 0 0 0 0 0 0 0 0 671 1978 24 0 0 0 0 0 1135 1224 0 0 0 0 0 0 0 1139 1321 0 0 0 0 0 0 0 0 55 2202 252 0 0 0 132 0 0 0 0 0 0 0 0 0 0 0 120 1869 0 0 0 0 0 
0 0 0 353 2170 1238 1133 2083 1690 1359 1055 492 53 0 0 0 0 0 0 0 0 0 0 0 0 0 0 0 0 1649 713 0 0 0 0 0 0 145 2114 96 0 0 0 0 0 0 142 2185 170 0 0 0 0 0 0 0 0 865 2023 128 0 0 1979 1061 0 0 0 0 0 0 0 0 0 0 543 1621 0 0 0 0 0 
0 0 0 870 1192 0 0 32 608 705 1117 1732 2161 1297 123 0 0 0 0 0 0 0 0 0 0 0 0 0 122 2170 69 0 0 0 0 0 0 0 1382 874 0 0 0 0 0 0 0 1433 892 0 0 0 0 0 0 0 0 0 1149 1630 1 0 139 1800 1463 77 0 0 0 0 0 0 0 0 620 1370 0 0 0 0 0 
0 0 0 624 1714 0 0 0 0 0 0 0 151 1284 2055 387 0 0 0 0 0 0 0 0 0 0 0 0 875 1524 0 0 0 0 0 0 0 0 357 1883 0 0 0 0 0 0 0 722 1493 0 0 0 0 0 0 0 0 0 28 1907 659 0 0 30 1208 2004 518 0 0 0 0 0 0 0 671 1361 0 0 0 0 0 
0 0 0 47 2034 0 0 0 0 0 0 0 0 0 782 2150 407 0 0 0 0 0 0 0 0 0 0 20 2006 388 0 0 0 0 0 0 0 0 0 1828 559 0 0 0 0 0 0 106 2142 19 0 0 0 0 0 0 0 0 0 577 1800 0 0 0 0 446 1967 1296 54 0 0 0 0 0 870 1129 0 0 0 0 0 
0 0 557 1831 1480 0 0 0 0 0 0 0 0 0 0 568 2127 1215 208 0 0 0 0 0 0 0 0 1058 1603 1 0 0 0 0 0 0 0 0 0 596 1735 0 0 0 0 0 0 0 1916 265 0 0 0 0 0 0 0 0 0 31 2170 7 0 0 0 0 64 1256 2022 518 0 0 0 0 1106 1032 0 0 0 0 0 
0 1144 1928 752 2 0 0 0 0 0 0 0 0 0 0 0 88 1112 2148 1615 799 95 0 0 0 0 624 2157 190 0 0 0 0 0 0 0 0 0 0 7 2041 375 0 0 0 0 0 0 1345 1045 0 0 0 0 0 0 0 0 0 0 1923 122 0 0 0 0 0 0 533 2085 1190 69 0 0 1375 623 0 0 0 0 0 
0 0 0 0 0 0 0 0 0 0 0 0 0 0 0 0 0 0 64 681 1506 2196 1719 1166 1119 1745 1981 456 0 0 0 0 0 0 0 0 0 0 0 0 959 1452 0 0 0 0 0 0 368 2133 125 0 0 0 0 0 0 0 0 0 1870 120 0 0 0 0 0 0 0 107 1469 2042 930 52 1597 422 0 0 0 0 0 
0 0 0 0 0 0 0 0 0 0 0 0 0 0 0 0 0 0 0 0 0 48 538 871 870 600 4 0 0 0 0 0 0 0 0 0 0 0 0 0 95 2161 89 0 0 0 0 0 0 1310 1481 5 0 0 0 0 0 0 0 0 1870 120 0 0 0 0 0 0 0 0 0 379 1468 2029 2127 183 0 0 0 0 0 
0 0 0 0 0 0 0 0 0 0 0 0 0 0 0 0 0 0 0 0 0 0 0 0 0 0 0 0 0 0 0 0 0 0 0 0 0 0 0 0 0 1409 973 0 0 0 0 0 0 58 1788 1425 32 0 0 0 0 0 0 0 2135 95 0 0 0 0 0 0 0 0 0 0 0 693 2278 0 0 0 0 0 0 
0 0 0 0 0 0 0 0 0 0 0 0 0 0 0 0 0 0 0 0 0 0 0 0 0 0 0 0 0 0 0 0 0 0 0 0 0 0 0 0 0 302 2049 20 0 0 0 0 0 0 32 1347 2049 795 13 0 0 0 0 197 2016 0 0 0 0 0 0 0 0 0 0 0 0 876 1412 0 0 0 0 0 0 
0 0 0 0 0 0 0 0 0 0 0 0 0 0 0 0 0 0 0 0 0 0 0 0 0 0 0 0 0 0 0 0 0 0 0 0 0 0 0 0 0 0 1708 823 0 0 0 0 0 0 0 0 481 1729 2024 948 368 4 66 1572 1233 0 0 0 0 0 0 0 0 0 0 0 0 1698 619 0 0 0 0 0 0 
0 0 0 0 0 0 0 254 1910 2007 2165 1801 1134 505 14 0 0 0 0 0 0 0 0 0 0 0 0 0 0 0 0 0 0 0 0 0 0 0 0 0 0 0 306 2002 10 0 0 0 0 0 0 0 0 0 376 1289 1867 1998 2032 1412 41 0 0 0 0 0 0 0 0 0 0 0 130 2117 23 0 0 0 0 0 0 
0 0 0 0 0 145 1266 2126 588 0 47 339 989 1814 2072 1147 295 23 0 0 0 0 0 0 0 0 0 0 0 0 0 0 0 0 0 0 0 0 0 0 0 0 0 1487 840 0 0 0 0 0 0 0 0 0 0 0 0 0 0 0 0 0 0 0 0 0 0 0 0 0 0 0 1097 1321 0 0 0 0 0 0 0 
0 0 0 761 1180 2107 1273 148 0 0 0 0 0 0 275 1149 2334 880 0 0 0 0 0 0 0 0 0 0 0 0 0 0 0 0 0 0 0 0 0 0 0 0 0 472 1895 0 0 0 0 0 0 0 0 0 0 0 0 0 0 0 0 0 0 0 0 0 0 0 0 0 0 5 2045 334 0 0 0 0 0 0 0 
0 0 0 296 871 633 0 0 0 0 0 0 0 0 0 0 388 2150 807 0 0 0 0 0 0 0 0 0 0 0 0 0 0 0 0 0 0 0 0 0 0 0 0 0 1842 432 0 0 0 0 0 0 0 0 0 0 0 0 0 0 0 0 0 0 0 0 0 0 0 0 0 722 1722 0 0 0 0 0 0 0 0 
0 0 0 0 0 0 0 0 0 0 0 0 0 0 0 0 0 282 1925 1547 231 0 0 0 0 0 0 0 0 0 0 0 0 0 0 0 0 0 0 0 0 0 0 0 968 1338 0 0 0 0 0 0 0 0 0 0 0 0 0 0 0 0 0 0 0 0 0 0 0 0 0 1897 500 0 0 0 0 0 0 0 0 
0 0 0 0 0 0 0 0 0 0 0 0 0 0 0 0 0 0 14 1119 2174 1053 87 0 0 0 0 0 0 0 0 0 0 0 0 0 0 0 0 0 0 0 0 0 226 2113 22 0 0 0 0 0 0 0 0 0 1 696 870 736 25 0 0 0 0 0 0 0 0 0 749 1741 0 0 0 0 0 0 0 0 0 
0 0 0 0 0 0 0 0 0 0 0 0 0 0 0 0 0 0 0 0 172 1475 2065 1027 77 0 0 0 0 0 0 0 0 0 0 0 0 0 0 0 0 0 0 0 0 1866 493 0 0 0 0 0 0 0 0 0 1155 2499 2498 2499 1562 0 0 0 0 0 0 0 0 99 2094 474 0 0 0 0 0 0 0 0 0 
0 0 0 0 0 0 0 0 0 0 0 0 0 0 0 0 0 0 0 0 0 0 285 1378 2130 1312 329 0 0 0 0 0 0 0 0 0 0 0 0 0 0 0 0 0 0 1078 1065 0 0 0 0 0 0 0 0 0 2172 1987 2422 2500 2494 535 0 0 0 0 0 0 19 1638 1234 0 0 0 0 0 0 0 0 0 0 
0 0 0 0 0 0 0 0 0 0 0 0 0 0 0 0 0 0 0 0 0 0 0 0 86 1009 1994 1873 920 167 0 0 0 0 0 0 0 0 0 0 0 0 0 0 0 474 1779 0 0 0 0 0 0 0 0 0 1990 1864 2500 2499 2499 1532 0 0 0 0 0 19 1511 1642 11 0 0 0 0 0 0 0 0 0 0 
0 0 0 0 0 0 0 0 0 0 0 0 0 0 0 0 0 0 0 0 0 0 0 0 0 0 1 437 1289 2035 1749 1051 335 0 0 0 0 0 0 0 0 0 0 0 0 31 2130 330 0 0 0 0 0 0 0 0 1968 2230 2500 2473 2500 1872 0 0 0 0 6 1510 1641 41 0 0 0 0 0 0 0 0 0 0 0 
0 0 0 0 0 0 0 0 0 0 0 0 0 0 0 0 0 0 0 0 0 0 0 0 0 0 0 0 0 0 480 1194 1863 2054 1503 913 254 1 0 0 0 0 0 0 0 0 1061 1312 0 0 0 0 0 0 0 0 386 2174 2499 2500 2500 1690 0 0 0 319 1766 1559 35 0 0 0 0 0 0 0 0 0 0 0 0 
0 0 0 0 0 0 0 0 0 0 0 0 0 0 0 0 0 0 0 0 0 0 0 0 0 0 0 0 0 0 0 0 0 150 733 1369 1901 2104 1863 1278 852 443 124 0 0 0 237 2062 3 0 0 0 0 0 0 0 0 125 857 1035 1108 256 0 329 1418 2117 891 2 0 0 0 0 0 0 0 0 0 0 0 0 0 
0 0 0 0 0 0 0 0 0 0 0 0 0 0 0 0 0 0 0 0 0 0 0 0 0 0 0 0 0 0 0 0 0 0 0 0 0 25 318 810 1316 1660 2046 2096 1706 1442 1246 2166 979 556 121 87 0 0 0 0 0 0 0 0 50 625 1533 2106 981 74 0 0 0 0 0 0 0 0 0 0 0 0 0 0 0 
0 0 0 0 0 0 0 0 0 0 0 0 0 0 0 0 0 0 0 0 0 0 0 0 0 0 0 0 0 0 0 0 0 0 0 0 0 0 0 0 0 0 0 32 370 590 917 1425 2316 1576 1869 1963 1990 1992 2082 1871 1870 1870 1870 1991 2086 1649 804 25 0 0 0 0 0 0 0 0 0 0 0 0 0 0 0 0 0 
0 0 0 0 0 0 0 0 0 0 0 0 0 0 0 0 0 0 0 0 0 0 0 0 0 0 0 0 0 0 0 0 0 0 0 0 0 0 0 0 0 0 0 0 0 0 0 2 545 1 0 0 0 0 81 120 120 120 120 87 0 0 0 0 0 0 0 0 0 0 0 0 0 0 0 0 0 0 0 0 0 
0 0 0 0 0 0 0 0 0 0 0 0 0 0 0 0 0 0 0 0 0 0 0 0 0 0 0 0 0 0 0 0 0 0 0 0 0 0 0 0 0 0 0 0 0 0 0 0 0 0 0 0 0 0 0 0 0 0 0 0 0 0 0 0 0 0 0 0 0 0 0 0 0 0 0 0 0 0 0 0 0 
0 0 0 0 0 0 0 0 0 0 0 0 0 0 0 0 0 0 0 0 0 0 0 0 0 0 0 0 0 0 0 0 0 0 0 0 0 0 0 0 0 0 0 0 0 0 0 0 0 0 0 0 0 0 0 0 0 0 0 0 0 0 0 0 0 0 0 0 0 0 0 0 0 0 0 0 0 0 0 0 0 
0 0 0 0 0 0 0 0 0 0 0 0 0 0 0 0 0 0 0 0 0 0 0 0 0 0 0 0 0 0 0 0 0 0 0 0 0 0 0 0 0 0 0 0 0 0 0 0 0 0 0 0 0 0 0 0 0 0 0 0 0 0 0 0 0 0 0 0 0 0 0 0 0 0 0 0 0 0 0 0 0 
0 0 0 0 0 0 0 0 0 0 0 0 0 0 0 0 0 0 0 0 0 0 0 0 0 0 0 0 0 0 0 0 0 0 0 0 0 0 0 0 0 0 0 0 0 0 0 0 0 0 0 0 0 0 0 0 0 0 0 0 0 0 0 0 0 0 0 0 0 0 0 0 0 0 0 0 0 0 0 0 0 
0 0 0 0 0 0 0 0 0 0 0 0 0 0 0 0 0 0 0 0 0 0 0 0 0 0 0 0 0 0 0 0 0 0 0 0 0 0 0 0 0 0 0 0 0 0 0 0 0 0 0 0 0 0 0 0 0 0 0 0 0 0 0 0 0 0 0 0 0 0 0 0 0 0 0 0 0 0 0 0 0 
0 0 0 0 0 0 0 0 0 0 0 0 0 0 0 0 0 0 0 0 0 0 0 0 0 0 0 0 0 0 0 0 0 0 0 0 0 0 0 0 0 0 0 0 0 0 0 0 0 0 0 0 0 0 0 0 0 0 0 0 0 0 0 0 0 0 0 0 0 0 0 0 0 0 0 0 0 0 0 0 0 
